  4.3893274240000e+02  ms.11r3.b1         3 -1.6907344732046e-05  1.7508346807682e+02  4.0347194655917e+01  1.0019218125005e+00  5.9244175277242e-01
  4.9238525830000e+02  ms.12r3.b1         3  2.9026171225896e-05  3.8769673069514e+01  1.6302134712564e+02  1.1201403705332e+00  7.0119998764011e-01
  5.4583377420000e+02  ms.13r3.b1         3 -1.6907344732046e-05  1.7043369842515e+02  3.6571322202532e+01  1.2283802343613e+00  8.2976190114722e-01
  5.9928229010000e+02  ms.14r3.b1         3  2.9026171225896e-05  3.4208832739955e+01  1.8367794612407e+02  1.3593441200477e+00  9.3654331362424e-01
  6.5273080600000e+02  ms.15r3.b1         3 -1.6907344732046e-05  1.7742339255272e+02  3.3412097250491e+01  1.4726315365529e+00  1.0634266815258e+00
  7.0617932190000e+02  ms.16r3.b1         3  2.9026171225896e-05  3.1655180562609e+01  1.6832713190012e+02  1.6068691992984e+00  1.1823181243826e+00
  7.5962783780000e+02  ms.17r3.b1         3 -1.6907344732046e-05  1.7046025929777e+02  3.6202715601664e+01  1.7286738355178e+00  1.3097787237828e+00
  8.1307635370000e+02  ms.18r3.b1         3  2.9026171225896e-05  3.4209947091848e+01  1.8534528972961e+02  1.8596217139757e+00  1.4166293615734e+00
  8.6652486960000e+02  ms.19r3.b1         3 -1.6907344732046e-05  1.7739824699606e+02  3.3827558391454e+01  1.9729165826047e+00  1.5417882162768e+00
  9.1997338550000e+02  ms.20r3.b1         3  2.9026171225896e-05  3.1659289678810e+01  1.6694897025219e+02  2.1071556306550e+00  1.6603756651314e+00
  9.7342190140000e+02  ms.21r3.b1         3 -1.6907344732046e-05  1.7047849763933e+02  3.5752767729994e+01  2.2289421497962e+00  1.7895559603517e+00
  1.0268704170000e+03  ms.22r3.b1         3  2.9026171225896e-05  3.4291575961008e+01  1.8598764884631e+02  2.3598527177225e+00  1.8968422849028e+00
  1.0803189330000e+03  ms.23r3.b1         3 -1.6907344732046e-05  1.7881606984485e+02  3.2566892633336e+01  2.4723157242157e+00  2.0249461226410e+00
  1.1337674490000e+03  ms.24r3.b1         3  2.9026171225896e-05  3.0318584095181e+01  1.6708300941059e+02  2.6099676481109e+00  2.1461453862898e+00
  1.1872159650000e+03  ms.25r3.b1         3 -1.6907344732046e-05  1.7121131652348e+02  3.5450687025004e+01  2.7346448748134e+00  2.2761197866870e+00
  1.2406644810000e+03  ms.26r3.b1         3  2.9026171225896e-05  3.4326604945281e+01  1.8715587451194e+02  2.8651017378158e+00  2.3835477490181e+00
  1.2941129970000e+03  ms.27r3.b1         3 -1.6907344732046e-05  1.7807451178870e+02  3.2890657986888e+01  2.9777778977952e+00  2.5103259551153e+00
  1.3475615130000e+03  ms.28r3.b1         3  2.9026171225896e-05  3.0293698966826e+01  1.6606816411388e+02  3.1158964081489e+00  2.6312379375221e+00
  1.4544585450000e+03  ms.30r3.b1         3  2.9026171225896e-05  3.4349845183842e+01  1.8800429604655e+02  3.3703292611650e+00  2.8703004213071e+00
  1.5079070600000e+03  ms.31r3.b1         3 -1.6907344732046e-05  1.7732481051529e+02  3.3246293949238e+01  3.4832471788943e+00  2.9958451286436e+00
  1.5613555760000e+03  ms.32r3.b1         3  2.9026171225896e-05  3.0269578772387e+01  1.6539461075531e+02  3.6218373603043e+00  3.1162523803003e+00
  1.6682526080000e+03  ms.34l4.b1         3  2.9026171225896e-05  3.4369421617919e+01  1.8849918977886e+02  3.8755612118689e+00  3.3571265247816e+00
  1.7751496400000e+03  ms.32l4.b1         3  2.9026171225896e-05  3.0258977915860e+01  1.6507910167835e+02  4.1277718670885e+00  3.6012236090967e+00
  1.8285981560000e+03  ms.31l4.b1         3 -1.6907344732046e-05  1.7348284778225e+02  3.4346451477485e+01  4.2515653024820e+00  3.7349899638088e+00
  1.8820466720000e+03  ms.30l4.b1         3  2.9026171225896e-05  3.4377630885582e+01  1.8863025311949e+02  4.3807818356624e+00  3.8439485416793e+00
  1.9889437040000e+03  ms.28l4.b1         3  2.9026171225896e-05  3.0255784662794e+01  1.6512844113018e+02  4.6337016564144e+00  4.0861853333018e+00
  2.0423922200000e+03  ms.27l4.b1         3 -1.6907344732046e-05  1.7426256427092e+02  3.3942522069255e+01  4.7571527504360e+00  4.2209832764931e+00
  2.0958407350000e+03  ms.26l4.b1         3  2.9026171225896e-05  3.4369722635865e+01  1.8840263722131e+02  4.8860130957337e+00  4.3307934004023e+00
  2.1492892510000e+03  ms.25l4.b1         3 -1.6907344732046e-05  1.7500377896868e+02  3.4433438267306e+01  4.9997963604989e+00  4.4534117157194e+00
  2.2027377670000e+03  ms.24l4.b1         3  2.9026171225896e-05  3.0271141390734e+01  1.6553959584659e+02  5.1396373308501e+00  4.5711635204401e+00
  2.2561862830000e+03  ms.23l4.b1         3 -1.6907344732046e-05  1.7503693893865e+02  3.3548388443298e+01  5.2627035556021e+00  4.7067932951405e+00
  2.3096347990000e+03  ms.22l4.b1         3  2.9026171225896e-05  3.4354772325817e+01  1.8780815377404e+02  5.3912306579460e+00  4.8175842040312e+00
  2.3630833150000e+03  ms.21l4.b1         3 -1.6907344732046e-05  1.7455912088038e+02  3.4751126081857e+01  5.5053475342261e+00  4.9396054966016e+00
  2.4165318310000e+03  ms.20l4.b1         3  2.9026171225896e-05  3.1512315375179e+01  1.6524205521212e+02  5.6414663344706e+00  5.0569787139990e+00
  2.4699803470000e+03  ms.19l4.b1         3 -1.6907344732046e-05  1.7334277361615e+02  3.4789509359458e+01  5.7623404434480e+00  5.1893760552790e+00
  2.5234288630000e+03  ms.18l4.b1         3  2.9026171225896e-05  3.4355342682070e+01  1.8757082704518e+02  5.8915064389394e+00  5.2980096078323e+00
  2.5768773790000e+03  ms.17l4.b1         3 -1.6907344732046e-05  1.7452833599387e+02  3.5339151998412e+01  6.0056342730547e+00  5.4188502959095e+00
  2.6303258940000e+03  ms.16l4.b1         3  2.9026171225896e-05  3.1518626226206e+01  1.6586109284301e+02  6.1417520007127e+00  5.5347547216324e+00
  2.6837744100000e+03  ms.15l4.b1         3 -1.6907344732046e-05  1.7336465781868e+02  3.4217253170361e+01  6.2626012244684e+00  5.6682818649957e+00
  2.7372229260000e+03  ms.14l4.b1         3  2.9026171225896e-05  3.4354636279250e+01  1.8657505565101e+02  6.3917587243440e+00  5.7783460126121e+00
  2.7906714420000e+03  ms.13l4.b1         3 -1.6907344732046e-05  1.7439663942131e+02  3.5914836792184e+01  6.5058974885813e+00  5.8984164510172e+00
  2.8441199580000e+03  ms.12l4.b1         3  2.9026171225896e-05  3.0983096464130e+01  1.6816038214321e+02  6.6434436394411e+00  6.0124006288339e+00
  2.8988394740000e+03  ms.11l4.b1         3 -1.6907344732046e-05  1.6377865235712e+02  3.7724723045431e+01  6.7674649196197e+00  6.1465993454569e+00
  3.7707859590000e+03  ms.11r4.b1         3  1.8313050721093e-05  3.6664011680216e+01  1.4393742777001e+02  8.3725550561612e+00  7.3182529813513e+00
  3.8242384750000e+03  ms.12r4.b1         3 -1.1117776167289e-05  1.3702251360355e+02  2.9408987195332e+01  8.4998991286014e+00  7.4836939699336e+00
  3.8776869910000e+03  ms.13r4.b1         3  6.7353883878780e-05  3.1214617489585e+01  2.1847779203269e+02  8.6647760218145e+00  7.5926198722548e+00
  3.9311355060000e+03  ms.14r4.b1         3 -4.6262444198976e-05  2.3485746770614e+02  3.1057084852172e+01  8.7659882304257e+00  7.7118146229308e+00
  3.9845840220000e+03  ms.15r4.b1         3  1.8313050721093e-05  3.7084514537228e+01  1.4184392930460e+02  8.8685877151856e+00  7.8507453667100e+00
  4.0380325380000e+03  ms.16r4.b1         3 -1.1117776167289e-05  1.3343242691372e+02  3.5767110172686e+01  8.9971873646272e+00  7.9950282687034e+00
  4.0914810540000e+03  ms.17r4.b1         3  6.7353883878780e-05  3.1224243585907e+01  2.1847220812062e+02  9.1647560614560e+00  8.0925869208300e+00
  4.1449295700000e+03  ms.18r4.b1         3 -4.6262444198976e-05  2.3483982568711e+02  3.1067796560669e+01  9.2659541874635e+00  8.2117575767075e+00
  4.1983780860000e+03  ms.19r4.b1         3  1.8313050721093e-05  3.7097634526846e+01  1.4182947027338e+02  9.3685369809560e+00  8.3506652317499e+00
  4.2518266020000e+03  ms.20r4.b1         3 -1.1117776167289e-05  1.3345439041140e+02  3.5756601526602e+01  9.4970935818457e+00  8.4949884919264e+00
  4.3052751180000e+03  ms.21r4.b1         3  6.7353883878780e-05  3.1208475108994e+01  2.1848350948466e+02  9.6647046756205e+00  8.5925586216356e+00
  4.3587236340000e+03  ms.22r4.b1         3 -4.6262444198976e-05  2.3484017019652e+02  3.1061690299989e+01  9.7659327747560e+00  8.7117404738715e+00
  4.4121721500000e+03  ms.23r4.b1         3  1.8313050721093e-05  3.7090279603261e+01  1.4183811904522e+02  9.8685273684780e+00  8.8506610315880e+00
  4.4656206660000e+03  ms.24r4.b1         3 -1.1117776167289e-05  1.3344770098781e+02  3.5762485731297e+01  9.9971045454943e+00  8.9949612446077e+00
  4.5190691810000e+03  ms.25r4.b1         3  6.7353883878780e-05  3.1218102635639e+01  2.1847790810890e+02  1.0164684719588e+01  9.0925256724147e+00
  4.5725176970000e+03  ms.26r4.b1         3 -4.6262444198976e-05  2.3482251473227e+02  3.1072404232074e+01  1.0265898730785e+01  9.2116834319250e+00
  4.6259662130000e+03  ms.27r4.b1         3  1.8313050721093e-05  3.7103403988539e+01  1.4182368063427e+02  1.0368476631892e+01  9.3505808931537e+00
  4.6794147290000e+03  ms.28r4.b1         3 -1.1117776167289e-05  1.3346969953329e+02  3.5751977029412e+01  1.0497010750147e+01  9.4949214593226e+00
  4.7328632450000e+03  ms.29r4.b1         3  6.7353883878780e-05  3.1202334235214e+01  2.1848920236577e+02  1.0664633314383e+01  9.5924973716594e+00
  4.8397602770000e+03  ms.31r4.b1         3  1.8313050721093e-05  3.7111332858698e+01  1.4182472193754e+02  1.0868442573495e+01  9.8505820950238e+00
  4.8932087930000e+03  ms.32r4.b1         3 -1.1117776167289e-05  1.3347692333382e+02  3.5758764414301e+01  1.0996954319272e+01  9.9949024919755e+00
  4.9466573090000e+03  ms.33r4.b1         3  6.7353883878780e-05  3.1199108134734e+01  2.1849552682248e+02  1.1164588952338e+01  1.0092468230061e+01
  5.0535543400000e+03  ms.33l5.b1         3  1.8313050721093e-05  3.7113636700802e+01  1.4181560128362e+02  1.1368409104820e+01  1.0350498096425e+01
  5.1604513720000e+03  ms.31l5.b1         3  6.7353883878780e-05  3.1193836268720e+01  2.1849571779125e+02  1.1664548777260e+01  1.0592438088094e+01
  5.2138998880000e+03  ms.30l5.b1         3 -4.6262444198976e-05  2.3480275599539e+02  3.1070754651152e+01  1.1765813817335e+01  1.0711594230864e+01
  5.2673484040000e+03  ms.29l5.b1         3  1.8313050721093e-05  3.7104370839026e+01  1.4182609591409e+02  1.1868395219217e+01  1.0850495153045e+01
  5.3742454360000e+03  ms.27l5.b1         3  6.7353883878780e-05  3.1202547631352e+01  2.1849189442132e+02  1.2164532880273e+01  1.1092404647016e+01
  5.4276939520000e+03  ms.26l5.b1         3 -4.6262444198976e-05  2.3478679599010e+02  3.1081567098913e+01  1.2265785116365e+01  1.1211535878492e+01
  5.4811424680000e+03  ms.25l5.b1         3  1.8313050721093e-05  3.7118765723510e+01  1.4181048326241e+02  1.2368347361151e+01  1.1350414201688e+01
  5.5345909840000e+03  ms.24l5.b1         3 -1.1117776167289e-05  1.3350436495479e+02  3.5742962145870e+01  1.2496825455923e+01  1.1494789895389e+01
  5.5880395000000e+03  ms.23l5.b1         3  6.7353883878780e-05  3.1186779380532e+01  2.1850317201483e+02  1.2664481428907e+01  1.1592376346218e+01
  5.6414880150000e+03  ms.22l5.b1         3 -4.6262444198976e-05  2.3478710351675e+02  3.1075455296529e+01  1.2765763689806e+01  1.1711518779162e+01
  5.6949365310000e+03  ms.21l5.b1         3  1.8313050721093e-05  3.7111384857832e+01  1.4181914818251e+02  1.2868337772719e+01  1.1850410001496e+01
  5.7483850470000e+03  ms.20l5.b1         3 -1.1117776167289e-05  1.3349765348213e+02  3.5748837937855e+01  1.2996836488208e+01  1.1994762633398e+01
  5.8018335630000e+03  ms.19l5.b1         3  6.7353883878780e-05  3.1196412277991e+01  2.1849752004279e+02  1.3164461490051e+01  1.2092343405308e+01
  5.8552820790000e+03  ms.18l5.b1         3 -4.6262444198976e-05  2.3476938118037e+02  3.1086178365004e+01  1.3265729646757e+01  1.2211461768906e+01
  5.9087305950000e+03  ms.17l5.b1         3  1.8313050721093e-05  3.7124526488003e+01  1.4180476046396e+02  1.3368287046838e+01  1.2350329853830e+01
  5.9621791110000e+03  ms.16l5.b1         3 -1.1117776167289e-05  1.3351976193529e+02  3.5738332408683e+01  1.3496742657412e+01  1.2494722837159e+01
  6.0156276270000e+03  ms.15l5.b1         3  6.7353883878780e-05  3.1180643592154e+01  2.1850879214376e+02  1.3664410016928e+01  1.2592315102378e+01
  6.0690761430000e+03  ms.14l5.b1         3 -4.6262444198976e-05  2.3476967117953e+02  3.1080065814330e+01  1.3765708215557e+01  1.2711444673426e+01
  6.1225246590000e+03  ms.13l5.b1         3  1.8313050721093e-05  3.6923684425948e+01  1.4250403426676e+02  1.3868321046561e+01  1.2850315203954e+01
  6.1759731740000e+03  ms.12l5.b1         3 -1.1117776167289e-05  1.3098124014514e+02  3.8802987403424e+01  1.3999280052065e+01  1.2985868994406e+01
  6.2306926900000e+03  ms.11l5.b1         3  6.7353883878780e-05  3.6527637533377e+01  2.0745364879084e+02  1.4162710565285e+01  1.3080637060212e+01
  7.1035090900000e+03  ms.11r5.b1         3 -4.1854324723232e-05  2.4070238658418e+02  3.0655051877659e+01  1.6264644333903e+01  1.5198462667429e+01
  7.1569645740000e+03  ms.12r5.b1         3  1.8313050721093e-05  3.4145470066488e+01  1.4046058700473e+02  1.6370868196906e+01  1.5339519995965e+01
  7.2104160590000e+03  ms.13r5.b1         3 -1.1117776167289e-05  1.2930131936764e+02  3.5669058225054e+01  1.6509744259110e+01  1.5484941746669e+01
  7.2638675430000e+03  ms.14r5.b1         3  7.8909313571852e-05  3.5102005145478e+01  2.1893959988070e+02  1.6666280146945e+01  1.5582538269957e+01
  7.3173190270000e+03  ms.15r5.b1         3 -4.1854324723232e-05  2.3902949460491e+02  3.1172711580697e+01  1.6759959139295e+01  1.5701311286106e+01
  7.3707705110000e+03  ms.16r5.b1         3  1.8313050721093e-05  3.3195096827689e+01  1.4151709503356e+02  1.6868353254911e+01  1.5840118897752e+01
  7.4242219950000e+03  ms.17r5.b1         3 -1.1117776167289e-05  1.2930451531682e+02  3.5665891207281e+01  1.7009790950172e+01  1.5984937480751e+01
  7.4776734790000e+03  ms.18r5.b1         3  7.8909313571852e-05  3.5110892048611e+01  2.1893860263685e+02  1.7166299331351e+01  1.6082541908099e+01
  7.5311249630000e+03  ms.19r5.b1         3 -4.1854324723232e-05  2.3903295098576e+02  3.1171954142095e+01  1.7259963763529e+01  1.6201316565605e+01
  7.5845764470000e+03  ms.20r5.b1         3  1.8313050721093e-05  3.3204025163833e+01  1.4150882463585e+02  1.7368339598646e+01  1.6340132009068e+01
  7.6380279310000e+03  ms.21r5.b1         3 -1.1117776167289e-05  1.2929984715691e+02  3.5671199905764e+01  1.7509754610985e+01  1.6484941469356e+01
  7.6914794150000e+03  ms.22r5.b1         3  7.8909313571852e-05  3.5104583565414e+01  2.1893749561833e+02  1.7666283074051e+01  1.6582535170738e+01
  7.7449309000000e+03  ms.23r5.b1         3 -4.1854324723232e-05  2.3903217120695e+02  3.1170597653676e+01  1.7759957570781e+01  1.6701313888424e+01
  7.7983823840000e+03  ms.24r5.b1         3  1.8313050721093e-05  3.3192740391256e+01  1.4151935674431e+02  1.7868355543355e+01  1.6840126409653e+01
  7.8518338680000e+03  ms.25r5.b1         3 -1.1117776167289e-05  1.2930304566050e+02  3.5668034060831e+01  1.8009801307074e+01  1.6984937209470e+01
  7.9052853520000e+03  ms.26r5.b1         3  7.8909313571852e-05  3.5113472870236e+01  2.1893649331471e+02  1.8166302263196e+01  1.7082538811327e+01
  7.9587368360000e+03  ms.27r5.b1         3 -4.1854324723232e-05  2.3903562667898e+02  3.1169840652091e+01  1.8259962196620e+01  1.7201319168075e+01
  8.0121883200000e+03  ms.28r5.b1         3  1.8313050721093e-05  3.3201668292679e+01  1.4151108793971e+02  1.8368341887233e+01  1.7340139519879e+01
  8.1190912880000e+03  ms.30r5.b1         3  7.8909313571852e-05  3.5105678891122e+01  2.1893804251914e+02  1.8666291142517e+01  1.7582531430201e+01
  8.1725427720000e+03  ms.31r5.b1         3 -4.1854324723232e-05  2.3903503525934e+02  3.1168669684716e+01  1.8759963345240e+01  1.7701314510792e+01
  8.2259942560000e+03  ms.32r5.b1         3  1.8313050721093e-05  3.3191887768757e+01  1.4151984650996e+02  1.8868362199410e+01  1.7840132568360e+01
  8.3328972250000e+03  ms.34l6.b1         3  7.8909313571852e-05  3.5116591759616e+01  2.1893344129833e+02  1.9166303366910e+01  1.8082535955012e+01
  8.4398001930000e+03  ms.32l6.b1         3  1.8313050721093e-05  3.3191944555400e+01  1.4151749865560e+02  1.9368355634466e+01  1.8340144818820e+01
  8.4932516770000e+03  ms.31l6.b1         3 -1.1117776167289e-05  1.2929641538476e+02  3.5675001867995e+01  1.9509808898234e+01  1.8484937103916e+01
  8.5467031610000e+03  ms.30l6.b1         3  7.8909313571852e-05  3.5117167356581e+01  2.1892675405738e+02  1.9666297699428e+01  1.8582527582926e+01
  8.6536061290000e+03  ms.28l6.b1         3  1.8313050721093e-05  3.3191239227892e+01  1.4152241862091e+02  1.9868351232361e+01  1.8840143286197e+01
  8.7070576130000e+03  ms.27l6.b1         3 -1.1117776167289e-05  1.2930012993499e+02  3.5672538287669e+01  2.0009803639835e+01  1.8984938948671e+01
  8.7605090970000e+03  ms.26l6.b1         3  7.8909313571852e-05  3.5115428164176e+01  2.1893461915631e+02  2.0166300633681e+01  1.9082533959878e+01
  8.8139605810000e+03  ms.25l6.b1         3 -4.1854324723232e-05  2.3904099932777e+02  3.1165554388028e+01  2.0259956417821e+01  1.9201325065710e+01
  8.8674120660000e+03  ms.24l6.b1         3  1.8313050721093e-05  3.3200165820609e+01  1.4151415000109e+02  2.0368337580718e+01  1.9340156400437e+01
  8.9208635500000e+03  ms.23l6.b1         3 -1.1117776167289e-05  1.2929545117182e+02  3.5677849285272e+01  2.0509767306782e+01  1.9484942942007e+01
  8.9743150340000e+03  ms.22l6.b1         3  7.8909313571852e-05  3.5109121524920e+01  2.1893350940728e+02  2.0666284384944e+01  1.9582527224539e+01
  9.0277665180000e+03  ms.21l6.b1         3 -4.1854324723232e-05  2.3904022420496e+02  3.1164198659539e+01  2.0759950225689e+01  1.9701322387795e+01
  9.0812180020000e+03  ms.20l6.b1         3  1.8313050721093e-05  3.3188883497580e+01  1.4152468338422e+02  2.0868353518970e+01  1.9840150798540e+01
  9.1346694860000e+03  ms.19l6.b1         3 -1.1117776167289e-05  1.2929866152321e+02  3.5674681620725e+01  2.1009813994898e+01  1.9984938677117e+01
  9.1881209700000e+03  ms.18l6.b1         3  7.8909313571852e-05  3.5118009476568e+01  2.1893251034179e+02  2.1166303563925e+01  2.0082530862598e+01
  9.2415724540000e+03  ms.17l6.b1         3 -4.1854324723232e-05  2.3904367770863e+02  3.1163441505972e+01  2.1259954849050e+01  2.0201327668290e+01
  9.2950239380000e+03  ms.16l6.b1         3  1.8313050721093e-05  3.3197809590819e+01  1.4151641886482e+02  2.1368339861542e+01  2.0340163908308e+01
  9.3484754220000e+03  ms.15l6.b1         3 -1.1117776167289e-05  1.2929398184777e+02  3.5679990706259e+01  2.1509777658533e+01  2.0484942665924e+01
  9.4019269060000e+03  ms.14l6.b1         3  7.8909313571852e-05  3.5111700492877e+01  2.1893140730681e+02  2.1666287311909e+01  2.0582524127317e+01
  9.4553783910000e+03  ms.13l6.b1         3 -4.1854324723232e-05  2.3902700511949e+02  3.1164296273119e+01  2.1759948742361e+01  2.0701324285835e+01
  9.5088298750000e+03  ms.12l6.b1         3  1.8313050721093e-05  3.3402780137658e+01  1.4044324230715e+02  2.1868413050794e+01  2.0840143181617e+01
  9.5635523590000e+03  ms.11l6.b1         3 -1.1117776167289e-05  1.2746144116031e+02  3.3495571389511e+01  2.2007586073648e+01  2.1007222676604e+01
  1.0435514670000e+04  ms.11r6.b1         3  2.9026171225896e-05  3.6856059355288e+01  1.8015430836382e+02  2.3679239326021e+01  2.2427796991814e+01
  1.0488970160000e+04  ms.12r6.b1         3 -1.6907344732046e-05  1.7322396219832e+02  3.2800057390297e+01  2.3789257659849e+01  2.2557712436724e+01
  1.0542421640000e+04  ms.13r6.b1         3  2.9026171225896e-05  3.0286092288246e+01  1.7036041157210e+02  2.3929945383692e+01  2.2677009965476e+01
  1.0595873130000e+04  ms.14r6.b1         3 -1.6907344732046e-05  1.7811880269646e+02  3.3234008244561e+01  2.4051471262120e+01  2.2811097870235e+01
  1.0649324610000e+04  ms.15r6.b1         3  2.9026171225896e-05  3.2481408527708e+01  1.8344926367268e+02  2.4183760530949e+01  2.2923720025185e+01
  1.0702776090000e+04  ms.16r6.b1         3 -1.6907344732046e-05  1.7740767098566e+02  2.7852297557353e+01  2.4300412896427e+01  2.3067544593282e+01
  1.0756227580000e+04  ms.17r6.b1         3  2.9026171225896e-05  3.0312688875930e+01  1.7414094121724e+02  2.4439350507640e+01  2.3197503344452e+01
  1.0809679060000e+04  ms.18r6.b1         3 -1.6907344732046e-05  1.7882621981595e+02  3.3365362572625e+01  2.4560508409613e+01  2.3329313853679e+01
  1.0863130550000e+04  ms.19r6.b1         3  2.9026171225896e-05  3.2454091604540e+01  1.7951596767690e+02  2.4692525311917e+01  2.3443151792249e+01
  1.0916582030000e+04  ms.20r6.b1         3 -1.6907344732046e-05  1.7670634828643e+02  2.7807616409317e+01  2.4809522641913e+01  2.3589365430635e+01
  1.0970033510000e+04  ms.21r6.b1         3  2.9026171225896e-05  3.0340409501783e+01  1.7816947570514e+02  2.4948749104213e+01  2.3717542570240e+01
  1.1023485000000e+04  ms.22r6.b1         3 -1.6907344732046e-05  1.7986651918368e+02  3.3251971159875e+01  2.5069536508233e+01  2.3847537747292e+01
  1.1076936480000e+04  ms.23r6.b1         3  2.9026171225896e-05  3.3769754087806e+01  1.7445909871123e+02  2.5197516780814e+01  2.3963777600997e+01
  1.1130387970000e+04  ms.24r6.b1         3 -1.6907344732046e-05  1.7464593808223e+02  2.9411284791620e+01  2.5312651343967e+01  2.4107005365427e+01
  1.1183839450000e+04  ms.25r6.b1         3  2.9026171225896e-05  3.0376875783335e+01  1.7994243955182e+02  2.5452684620352e+01  2.4230072262036e+01
  1.1237290940000e+04  ms.26r6.b1         3 -1.6907344732046e-05  1.8031728864941e+02  3.3145860241032e+01  2.5573192959352e+01  2.4359501297563e+01
  1.1290742420000e+04  ms.27r6.b1         3  2.9026171225896e-05  3.3736982323727e+01  1.7271381594971e+02  2.5701046033110e+01  2.4476690470278e+01
  1.1344193900000e+04  ms.28r6.b1         3 -1.6907344732046e-05  1.7420000515797e+02  2.9540931419224e+01  2.5816429105934e+01  2.4620487638251e+01
  1.1397645390000e+04  ms.29r6.b1         3  2.9026171225896e-05  3.0404696281947e+01  1.8165150140176e+02  2.5956619863960e+01  2.4742485404376e+01
  1.1504548360000e+04  ms.31r6.b1         3  2.9026171225896e-05  3.3705725487117e+01  1.7106579027605e+02  2.6204593638054e+01  2.4989761736549e+01
  1.1557999840000e+04  ms.32r6.b1         3 -1.6907344732046e-05  1.7374941237822e+02  2.9722921844613e+01  2.6320224806055e+01  2.5133907477566e+01
  1.1611451320000e+04  ms.33r6.b1         3  2.9026171225896e-05  3.0445076431640e+01  1.8322206199022e+02  2.6460537979105e+01  2.5254783360049e+01
  1.1718354290000e+04  ms.33l7.b1         3  2.9026171225896e-05  3.3662849346975e+01  1.6957119637633e+02  2.6708136035006e+01  2.5502922251129e+01
  1.1825257260000e+04  ms.31l7.b1         3  2.9026171225896e-05  3.0486299503375e+01  1.8463543690498e+02  2.6964457684004e+01  2.5766985884179e+01
  1.1878708740000e+04  ms.30l7.b1         3 -1.6907344732046e-05  1.8164479370643e+02  3.2550428124052e+01  2.7084148113679e+01  2.5895776335007e+01
  1.1932160230000e+04  ms.29l7.b1         3  2.9026171225896e-05  3.3616701281165e+01  1.6825902525678e+02  2.7211692291465e+01  2.6016224594752e+01
  1.2039063200000e+04  ms.27l7.b1         3  2.9026171225896e-05  3.0534084603949e+01  1.8583952987557e+02  2.7468381212880e+01  2.6279094055245e+01
  1.2092514680000e+04  ms.26l7.b1         3 -1.6907344732046e-05  1.8206548767365e+02  3.2284767585469e+01  2.7587783467347e+01  2.6408026200019e+01
  1.2145966170000e+04  ms.25l7.b1         3  2.9026171225896e-05  3.3572366388840e+01  1.6715942675337e+02  2.7715245050165e+01  2.6529589918679e+01
  1.2199417650000e+04  ms.24l7.b1         3 -1.6907344732046e-05  1.7246922406394e+02  3.0473282647715e+01  2.7831683887264e+01  2.6673550347978e+01
  1.2252869130000e+04  ms.23l7.b1         3  2.9026171225896e-05  3.0576110713335e+01  1.8682748179935e+02  2.7972296596942e+01  2.6791138737394e+01
  1.2306320620000e+04  ms.22l7.b1         3 -1.6907344732046e-05  1.8248330044854e+02  3.1988440886401e+01  2.8091427186805e+01  2.6920399133215e+01
  1.2359772100000e+04  ms.21l7.b1         3  2.9026171225896e-05  3.3604026157775e+01  1.6592510392442e+02  2.8218797305040e+01  2.7043068772693e+01
  1.2413223590000e+04  ms.20l7.b1         3 -1.6907344732046e-05  1.7347288376081e+02  2.9412598326454e+01  2.8334626601643e+01  2.7191676180533e+01
  1.2466675070000e+04  ms.19l7.b1         3  2.9026171225896e-05  2.9380921483646e+01  1.9048147410206e+02  2.8478828703546e+01  2.7310273211278e+01
  1.2520126550000e+04  ms.18l7.b1         3 -1.6907344732046e-05  1.8391021797559e+02  3.1428347114725e+01  2.8600228767672e+01  2.7439534527800e+01
  1.2573578040000e+04  ms.17l7.b1         3  2.9026171225896e-05  3.3472046032034e+01  1.6410689887854e+02  2.8727282536890e+01  2.7564451205279e+01
  1.2627029520000e+04  ms.16l7.b1         3 -1.6907344732046e-05  1.7208156137001e+02  3.0002970353697e+01  2.8843966523130e+01  2.7712112463125e+01
  1.2680481010000e+04  ms.15l7.b1         3  2.9026171225896e-05  2.9519018112734e+01  1.9189896815021e+02  2.8988510807652e+01  2.7828730880064e+01
  1.2733932490000e+04  ms.14l7.b1         3 -1.6907344732046e-05  1.8527486926011e+02  3.0809270111612e+01  2.9108997041639e+01  2.7959046831825e+01
  1.2787383970000e+04  ms.13l7.b1         3  2.9026171225896e-05  3.3057343706972e+01  1.6435915537174e+02  2.9235901586502e+01  2.8086032198716e+01
  1.2840835460000e+04  ms.12l7.b1         3 -1.6907344732046e-05  1.6524498330735e+02  3.5821495054018e+01  2.9356466629171e+01  2.8216717309657e+01
  1.2895557940000e+04  ms.11l7.b1         3  2.9026171225896e-05  3.1565866084277e+01  1.8412707715542e+02  2.9509964010075e+01  2.8322713821683e+01
  1.3768382260000e+04  ms.11r7.b1         3 -1.6907344732046e-05  1.6546571586436e+02  3.7195511936870e+01  3.1412838758293e+01  2.9825002071461e+01
  1.3821837740000e+04  ms.12r7.b1         3  2.9026171225896e-05  3.0338191836084e+01  1.7857877441772e+02  3.1557946125262e+01  2.9932441591419e+01
  1.3875289230000e+04  ms.13r7.b1         3 -1.6907344732046e-05  1.8649011176394e+02  2.9308908524456e+01  3.1675861668658e+01  3.0073949926825e+01
  1.3928740710000e+04  ms.14r7.b1         3  2.9026171225896e-05  3.1756412172448e+01  1.7731016431963e+02  3.1806138962488e+01  3.0198267689681e+01
  1.3982192190000e+04  ms.15r7.b1         3 -1.6907344732046e-05  1.6946570258919e+02  3.1634567823491e+01  3.1927847426314e+01  3.0333193211034e+01
  1.4035643680000e+04  ms.16r7.b1         3  2.9026171225896e-05  3.1148299305622e+01  1.7628873173499e+02  3.2068570975591e+01  3.0452129275335e+01
  1.4089095160000e+04  ms.17r7.b1         3 -1.6907344732046e-05  1.8679086722303e+02  2.9362185169022e+01  3.2184536345502e+01  3.0594653566077e+01
  1.4142546650000e+04  ms.18r7.b1         3  2.9026171225896e-05  3.1582476478250e+01  1.7899470492664e+02  3.2315145246696e+01  3.0718087721474e+01
  1.4195998130000e+04  ms.19r7.b1         3 -1.6907344732046e-05  1.6921645454754e+02  3.1550597479738e+01  3.2437387209358e+01  3.0852402631885e+01
  1.4249449610000e+04  ms.20r7.b1         3  2.9026171225896e-05  3.1332179262758e+01  1.7463451438229e+02  3.2577682389474e+01  3.0972234161434e+01
  1.4302901100000e+04  ms.21r7.b1         3 -1.6907344732046e-05  1.8697696100943e+02  2.9485014634262e+01  3.2693160749230e+01  3.1115282570369e+01
  1.4356352580000e+04  ms.22r7.b1         3  2.9026171225896e-05  3.1322111593187e+01  1.8099329007818e+02  3.2824211962696e+01  3.1237704792966e+01
  1.4409804070000e+04  ms.23r7.b1         3 -1.6907344732046e-05  1.6784029401475e+02  3.3051749959728e+01  3.2947870070456e+01  3.1366883491524e+01
  1.4463255550000e+04  ms.24r7.b1         3  2.9026171225896e-05  3.2839885228823e+01  1.7170378702912e+02  3.3084309674437e+01  3.1484704022452e+01
  1.4516707030000e+04  ms.25r7.b1         3 -1.6907344732046e-05  1.8682296603866e+02  2.9646528931926e+01  3.3196717490621e+01  3.1628733236651e+01
  1.4570158520000e+04  ms.26r7.b1         3  2.9026171225896e-05  3.1249556729526e+01  1.8261706326893e+02  3.3328039744614e+01  3.1750054736962e+01
  1.4623610000000e+04  ms.27r7.b1         3 -1.6907344732046e-05  1.6799882062548e+02  3.2874015484191e+01  3.3451805582150e+01  3.1878937117478e+01
  1.4677061490000e+04  ms.28r7.b1         3  2.9026171225896e-05  3.2920024540346e+01  1.7013919829168e+02  3.3587934025780e+01  3.1997821509751e+01
  1.4783964460000e+04  ms.30r7.b1         3  2.9026171225896e-05  3.1170445060204e+01  1.8410191924736e+02  3.3831859879039e+01  3.2262284317349e+01
  1.4837415940000e+04  ms.31r7.b1         3 -1.6907344732046e-05  1.6818771352770e+02  3.2646379365978e+01  3.3955736261653e+01  3.2391070656424e+01
  1.4890867420000e+04  ms.32r7.b1         3  2.9026171225896e-05  3.2989697563424e+01  1.6875424735022e+02  3.4091569727972e+01  3.2511078053845e+01
  1.4997770390000e+04  ms.34l8.b1         3  2.9026171225896e-05  3.1101685032660e+01  1.8538836427867e+02  3.4335705465771e+01  3.2774436781311e+01
  1.5104673360000e+04  ms.32l8.b1         3  2.9026171225896e-05  3.3061903668398e+01  1.6756675757799e+02  3.4595188640766e+01  3.3024409539840e+01
  1.5158124840000e+04  ms.31l8.b1         3 -1.6907344732046e-05  1.8624205335320e+02  3.0361074432593e+01  3.4707351032799e+01  3.3168497071186e+01
  1.5211576330000e+04  ms.30l8.b1         3  2.9026171225896e-05  3.1029103001915e+01  1.8646345400117e+02  3.4839556083954e+01  3.3286495319675e+01
  1.5318479300000e+04  ms.28l8.b1         3  2.9026171225896e-05  3.3133714866360e+01  1.6661463783576e+02  3.5098797966353e+01  3.3537855411365e+01
  1.5371930780000e+04  ms.27l8.b1         3 -1.6907344732046e-05  1.8600877562423e+02  3.0657769264930e+01  3.5210898199322e+01  3.3681535566732e+01
  1.5425382260000e+04  ms.26l8.b1         3  2.9026171225896e-05  3.0960259516788e+01  1.8728713811695e+02  3.5343406786416e+01  3.3798510906457e+01
  1.5478833750000e+04  ms.25l8.b1         3 -1.6907344732046e-05  1.6885232242579e+02  3.1805100094962e+01  3.5467505024913e+01  3.3928048179710e+01
  1.5532285230000e+04  ms.24l8.b1         3  2.9026171225896e-05  3.3204988644659e+01  1.6591654111208e+02  3.5602390055960e+01  3.4051340216712e+01
  1.5585736720000e+04  ms.23l8.b1         3 -1.6907344732046e-05  1.8575775413021e+02  3.0968923260774e+01  3.5714436468770e+01  3.4194427957176e+01
  1.5639188200000e+04  ms.22l8.b1         3  2.9026171225896e-05  3.0888533554725e+01  1.8785153872451e+02  3.5847266493030e+01  3.4310465866430e+01
  1.5692639690000e+04  ms.21l8.b1         3 -1.6907344732046e-05  1.6880577076189e+02  3.1543968063045e+01  3.5971425863063e+01  3.4440590735982e+01
  1.5746091170000e+04  ms.20l8.b1         3  2.9026171225896e-05  3.2028647796068e+01  1.6638667793984e+02  3.6109856308189e+01  3.4564131682573e+01
  1.5799542650000e+04  ms.19l8.b1         3 -1.6907344732046e-05  1.8722839252173e+02  2.9786593387757e+01  3.6223704813456e+01  3.4711099293712e+01
  1.5852994140000e+04  ms.18l8.b1         3  2.9026171225896e-05  3.0714656984652e+01  1.8943229328501e+02  3.6356523321598e+01  3.4829175825237e+01
  1.5906445620000e+04  ms.17l8.b1         3 -1.6907344732046e-05  1.6911965054366e+02  3.1029445108341e+01  3.6480981599928e+01  3.4959988339088e+01
  1.5959897110000e+04  ms.16l8.b1         3  2.9026171225896e-05  3.2206420056089e+01  1.6515408874038e+02  3.6618717146560e+01  3.5085416546299e+01
  1.6013348590000e+04  ms.15l8.b1         3 -1.6907344732046e-05  1.8685128178173e+02  3.0323794658494e+01  3.6732322820232e+01  3.5231293440234e+01
  1.6066800070000e+04  ms.14l8.b1         3  2.9026171225896e-05  3.0539121523725e+01  1.9028979128598e+02  3.6865824497088e+01  3.5347753435856e+01
  1.6120251560000e+04  ms.13l8.b1         3 -1.6907344732046e-05  1.6994307210435e+02  3.0403524715172e+01  3.6990525109422e+01  3.5479755823856e+01
  1.6173703040000e+04  ms.12l8.b1         3  2.9026171225896e-05  3.3782366777857e+01  1.6424602132354e+02  3.7123006817249e+01  3.5607764755821e+01
  1.6228425530000e+04  ms.11l8.b1         3 -1.6907344732046e-05  1.7340591404870e+02  3.7094525877904e+01  3.7236495936681e+01  3.5745643856690e+01
  1.7100379930000e+04  ms.11r8.b1         3  1.8313050721093e-05  4.1514011868018e+01  1.3768598779215e+02  3.9723892634463e+01  3.8056962826497e+01
  1.7153832440000e+04  ms.12r8.b1         3 -1.1117776167289e-05  1.2254697993945e+02  4.7520154946894e+01  3.9850783589439e+01  3.8178412073522e+01
  1.7207280960000e+04  ms.13r8.b1         3  7.0656527839464e-05  3.2549861678873e+01  2.4313204984356e+02  4.0023215416597e+01  3.8257295526276e+01
  1.7260729470000e+04  ms.14r8.b1         3 -5.0069037995573e-05  2.4433160543368e+02  3.3201947560659e+01  4.0119788673350e+01  3.8364585320567e+01
  1.7314177990000e+04  ms.15r8.b1         3  1.8313050721093e-05  3.6418993849750e+01  1.2712805377000e+02  4.0221116388274e+01  3.8507681994689e+01
  1.7367626510000e+04  ms.16r8.b1         3 -1.1117776167289e-05  1.2755090312707e+02  3.5464870403095e+01  4.0355159603860e+01  3.8665019619085e+01
  1.7421075020000e+04  ms.17r8.b1         3  7.0656527839464e-05  3.2556268192900e+01  2.4311991649238e+02  4.0523189782515e+01  3.8757264232569e+01
  1.7474523540000e+04  ms.18r8.b1         3 -5.0069037995573e-05  2.4431417707434e+02  3.3215171279793e+01  4.0619756190910e+01  3.8864532034833e+01
  1.7527972050000e+04  ms.19r8.b1         3  1.8313050721093e-05  3.6428282641752e+01  1.2712466110168e+02  4.0721072739422e+01  3.9007590968151e+01
  1.7581420570000e+04  ms.20r8.b1         3 -1.1117776167289e-05  1.2756824822361e+02  3.5451246441828e+01  4.0855081275182e+01  3.9164978476498e+01
  1.7634869090000e+04  ms.21r8.b1         3  7.0656527839464e-05  3.2543009405425e+01  2.4312887784481e+02  4.1023147572055e+01  3.9257240388787e+01
  1.7688317600000e+04  ms.22r8.b1         3 -5.0069037995573e-05  2.4431886638526e+02  3.3209658015463e+01  4.1119735330051e+01  3.9364516261486e+01
  1.7741766120000e+04  ms.23r8.b1         3  1.8313050721093e-05  3.6425605405150e+01  1.2712954533394e+02  4.1221055447318e+01  3.9507588495607e+01
  1.7795214630000e+04  ms.24r8.b1         3 -1.1117776167289e-05  1.2756226547036e+02  3.5456829799356e+01  4.1355074542998e+01  3.9664952017777e+01
  1.7848663150000e+04  ms.25r8.b1         3  7.0656527839464e-05  3.2549409855366e+01  2.4311671181811e+02  4.1523121908790e+01  3.9757209136169e+01
  1.7902111660000e+04  ms.26r8.b1         3 -5.0069037995573e-05  2.4430148675680e+02  3.3222890335281e+01  4.1619702828638e+01  3.9864462956826e+01
  1.7955560180000e+04  ms.27r8.b1         3  1.8313050721093e-05  3.6434888292842e+01  1.2712618720618e+02  4.1721011799244e+01  4.0007497464116e+01
  1.8009008700000e+04  ms.28r8.b1         3 -1.1117776167289e-05  1.2757958941525e+02  3.5443235541498e+01  4.1854996234313e+01  4.0164910883883e+01
  1.8062457210000e+04  ms.29r8.b1         3  7.0656527839464e-05  3.2536126854055e+01  2.4312575153904e+02  4.2023079668802e+01  4.0257185246363e+01
  1.8169354240000e+04  ms.31r8.b1         3  1.8313050721093e-05  3.6443939769270e+01  1.2712550964803e+02  4.2220975502796e+01  4.0507499302283e+01
  1.8222802760000e+04  ms.32r8.b1         3 -1.1117776167289e-05  1.2758140185443e+02  3.5449735654750e+01  4.2354936402478e+01  4.0664890930831e+01
  1.8276251280000e+04  ms.33r8.b1         3  7.0656527839464e-05  3.2532299512767e+01  2.4312421510066e+02  4.2523036659286e+01  4.0757156859995e+01
  1.8383148310000e+04  ms.33l1.b1         3  1.8313050721093e-05  3.6446420869632e+01  1.2712537043415e+02  4.2720942938848e+01  4.1007405858585e+01
  1.8490045340000e+04  ms.31l1.b1         3  7.0656527839464e-05  3.2526656148505e+01  2.4312317244088e+02  4.3022997222510e+01  4.1257132198843e+01
  1.8543493860000e+04  ms.30l1.b1         3 -5.0069037995573e-05  2.4429075485023e+02  3.3224786632831e+01  4.3119619118495e+01  4.1364380659300e+01
  1.8596942370000e+04  ms.29l1.b1         3  1.8313050721093e-05  3.6441523653191e+01  1.2713234788275e+02  4.3220920259931e+01  4.1507405130856e+01
  1.8703839400000e+04  ms.27l1.b1         3  7.0656527839464e-05  3.2531836419197e+01  2.4311380985913e+02  4.3522976835778e+01  4.1757100260745e+01
  1.8757287920000e+04  ms.26l1.b1         3 -5.0069037995573e-05  2.4427507725082e+02  3.3238227868270e+01  4.3619593573909e+01  4.1864325555384e+01
  1.8810736430000e+04  ms.25l1.b1         3  1.8313050721093e-05  3.6452432533442e+01  1.2712753790485e+02  4.3720880556995e+01  4.2007312833723e+01
  1.8864184950000e+04  ms.24l1.b1         3 -1.1117776167289e-05  1.2760576968076e+02  3.5427586073098e+01  4.3854803863068e+01  4.2164778387595e+01
  1.8917633470000e+04  ms.23l1.b1         3  7.0656527839464e-05  3.2518560006799e+01  2.4312272773512e+02  4.4022934546003e+01  4.2257076411124e+01
  1.8971081980000e+04  ms.22l1.b1         3 -5.0069037995573e-05  2.4427972771935e+02  3.3232702132165e+01  4.4119572703760e+01  4.2364309800747e+01
  1.9024530500000e+04  ms.21l1.b1         3  1.8313050721093e-05  3.6449714954824e+01  1.2713245328789e+02  4.4220863317822e+01  4.2507310382250e+01
  1.9077979010000e+04  ms.20l1.b1         3 -1.1117776167289e-05  1.2759976591219e+02  3.5433170423274e+01  4.4354797273626e+01  4.2664751885902e+01
  1.9131427530000e+04  ms.19l1.b1         3  7.0656527839464e-05  3.2524977326239e+01  2.4311047876767e+02  4.4522908921826e+01  4.2757045132485e+01
  1.9184876050000e+04  ms.18l1.b1         3 -5.0069037995573e-05  2.4426218382902e+02  3.3245950120270e+01  4.4619540222119e+01  4.2864256552825e+01
  1.9238324560000e+04  ms.17l1.b1         3  1.8313050721093e-05  3.6459022689194e+01  1.2712918714981e+02  4.4720819682719e+01  4.3007219312668e+01
  1.9291773080000e+04  ms.16l1.b1         3 -1.1117776167289e-05  1.2761721171249e+02  3.5419567204326e+01  4.4854718894923e+01  4.3164710732952e+01
  1.9345221590000e+04  ms.15l1.b1         3  7.0656527839464e-05  3.2511689429083e+01  2.4311947456305e+02  4.5022866586306e+01  4.3257021262770e+01
  1.9398670110000e+04  ms.14l1.b1         3 -5.0069037995573e-05  2.4426682367925e+02  3.3240417293615e+01  4.5119519358572e+01  4.3364240790666e+01
  1.9452118630000e+04  ms.13l1.b1         3  1.8313050721093e-05  3.6265365417294e+01  1.2775404320937e+02  4.5220846811772e+01  4.3507205211522e+01
  1.9505567140000e+04  ms.12l1.b1         3 -1.1117776167289e-05  1.2528190617282e+02  3.7954084252842e+01  4.5357354519050e+01  4.3655719262903e+01
  1.9560286660000e+04  ms.11l1.b1         3  7.0656527839464e-05  3.8060512191928e+01  2.2892001440587e+02  4.5521229664200e+01  4.3746482174838e+01
  2.0433103060000e+04  ms.11r1.b1         3 -4.1300237879469e-05  2.4578011529012e+02  2.9099635832075e+01  4.7615261465496e+01  4.5864953988068e+01
  2.0486558540000e+04  ms.12r1.b1         3  1.8313050721093e-05  3.7939644373521e+01  1.3011888066206e+02  4.7713950838395e+01  4.6019694461259e+01
  2.0540010030000e+04  ms.13r1.b1         3 -1.1117776167289e-05  1.2886049952775e+02  3.9151936518978e+01  4.7843708132862e+01  4.6163413714856e+01
  2.0593461510000e+04  ms.14r1.b1         3  7.3813905248769e-05  3.1999836331063e+01  2.3899798958756e+02  4.8012746519849e+01  4.6251522302525e+01
  2.0646912990000e+04  ms.15r1.b1         3 -4.1300237879469e-05  2.4260890871671e+02  2.9480390067907e+01  4.8110670519820e+01  4.6367986312490e+01
  2.0700364480000e+04  ms.16r1.b1         3  1.8313050721093e-05  3.6878728198005e+01  1.3118122536566e+02  4.8211683379466e+01  4.6520394484661e+01
  2.0753815960000e+04  ms.17r1.b1         3 -1.1117776167289e-05  1.2884739538604e+02  3.9163501397054e+01  4.8343741147754e+01  4.6663421444530e+01
  2.0807267450000e+04  ms.18r1.b1         3  7.3813905248769e-05  3.2009486816868e+01  2.3899059063668e+02  4.8512754021233e+01  4.6751518037622e+01
  2.0860718930000e+04  ms.19r1.b1         3 -4.1300237879469e-05  2.4259602216647e+02  2.9488027730439e+01  4.8610663633655e+01  4.6867965253777e+01
  2.0914170410000e+04  ms.20r1.b1         3  1.8313050721093e-05  3.6881891789897e+01  1.3117059451805e+02  4.8711674807806e+01  4.7020353823376e+01
  2.0967621900000e+04  ms.21r1.b1         3 -1.1117776167289e-05  1.2885740073031e+02  3.9154031463027e+01  4.8843718387458e+01  4.7163413168692e+01
  2.1021073380000e+04  ms.22r1.b1         3  7.3813905248769e-05  3.2002202068246e+01  2.3899631867498e+02  4.9012749631813e+01  4.7251519477958e+01
  2.1074524870000e+04  ms.23r1.b1         3 -4.1300237879469e-05  2.4261083831947e+02  2.9478505331309e+01  4.9110669018299e+01  4.7367988618433e+01
  2.1127976350000e+04  ms.24r1.b1         3  1.8313050721093e-05  3.6876151096077e+01  1.3118410583865e+02  4.9211685474145e+01  4.7520401518070e+01
  2.1181427830000e+04  ms.25r1.b1         3 -1.1117776167289e-05  1.2884431304732e+02  3.9165604920113e+01  4.9343751406103e+01  4.7663420905240e+01
  2.1234879320000e+04  ms.26r1.b1         3  7.3813905248769e-05  3.2011849299440e+01  2.3898891622210e+02  4.9512757137675e+01  4.7751515211610e+01
  2.1288330800000e+04  ms.27r1.b1         3 -4.1300237879469e-05  2.4259807779595e+02  2.9486143704003e+01  4.9610662137553e+01  4.7867967477111e+01
  2.1341782290000e+04  ms.28r1.b1         3  1.8313050721093e-05  3.6879314746229e+01  1.3117340952985e+02  4.9711676956050e+01  4.8020360835382e+01
  2.1448685260000e+04  ms.30r1.b1         3  7.3813905248769e-05  3.2006208479373e+01  2.3899072573071e+02  5.0012745632366e+01  4.8251517446520e+01
  2.1502136740000e+04  ms.31r1.b1         3 -4.1300237879469e-05  2.4260985672337e+02  2.9476330507853e+01  5.0110658196551e+01  4.8367993492875e+01
  2.1555588220000e+04  ms.32r1.b1         3  1.8313050721093e-05  3.6871401716592e+01  1.3118929500986e+02  5.0211682426847e+01  4.8520410284123e+01
  2.1662491190000e+04  ms.34l2.b1         3  7.3813905248769e-05  3.2014668943073e+01  2.3898617116954e+02  5.0512758250338e+01  4.8751512616057e+01
  2.1769394160000e+04  ms.32l2.b1         3  1.8313050721093e-05  3.6870509281710e+01  1.3117948938214e+02  5.0711686336558e+01  4.9020365728925e+01
  2.1822845640000e+04  ms.31l2.b1         3 -1.1117776167289e-05  1.2884640406757e+02  3.9157641432628e+01  5.0843764184750e+01  4.9163408994669e+01
  2.1876297130000e+04  ms.30l2.b1         3  7.3813905248769e-05  3.2012293701836e+01  2.3898667706426e+02  5.1012762721752e+01  4.9251512755891e+01
  2.1983200100000e+04  ms.28l2.b1         3  1.8313050721093e-05  3.6874475953846e+01  1.3118871896824e+02  5.1211681807720e+01  4.9520417518661e+01
  2.2036651580000e+04  ms.27l2.b1         3 -1.1117776167289e-05  1.2884122649685e+02  3.9170106279666e+01  5.1343753758525e+01  4.9663421916563e+01
  2.2090103060000e+04  ms.26l2.b1         3  7.3813905248769e-05  3.2013547758037e+01  2.3898785597677e+02  5.1512755243909e+01  4.9751510787098e+01
  2.2143554550000e+04  ms.25l2.b1         3 -4.1300237879469e-05  2.4260119556369e+02  2.9482295819835e+01  5.1610656537250e+01  4.9867972748277e+01
  2.2197006030000e+04  ms.24l2.b1         3  1.8313050721093e-05  3.6877634537192e+01  1.3117806085860e+02  5.1711673229237e+01  5.0020376856137e+01
  2.2250457520000e+04  ms.23l2.b1         3 -1.1117776167289e-05  1.2885122920803e+02  3.9160639985519e+01  5.1843731000403e+01  5.0163413637995e+01
  2.2303909000000e+04  ms.22l2.b1         3  7.3813905248769e-05  3.2006277667137e+01  2.3899349907998e+02  5.2012750926080e+01  5.0251512221230e+01
  2.2357360490000e+04  ms.21l2.b1         3 -4.1300237879469e-05  2.4261605068790e+02  2.9472772958613e+01  5.2110661942548e+01  5.0367996106271e+01
  2.2410811970000e+04  ms.20l2.b1         3  1.8313050721093e-05  3.6871901380171e+01  1.3119159012351e+02  5.2211683899935e+01  5.0520424535182e+01
  2.2464263450000e+04  ms.19l2.b1         3 -1.1117776167289e-05  1.2883814500704e+02  3.9172207745338e+01  5.2343764021053e+01  5.0663421364220e+01
  2.2517714940000e+04  ms.18l2.b1         3  7.3813905248769e-05  3.2015926822898e+01  2.3898609773717e+02  5.2512758432697e+01  5.0751507954724e+01
  2.2571166420000e+04  ms.17l2.b1         3 -4.1300237879469e-05  2.4260325598349e+02  2.9480408296499e+01  5.2610655064012e+01  5.0867974973542e+01
  2.2624617910000e+04  ms.16l2.b1         3  1.8313050721093e-05  3.6875073632581e+01  1.3118089649820e+02  5.2711675374626e+01  5.1020383867313e+01
  2.2678069390000e+04  ms.15l2.b1         3 -1.1117776167289e-05  1.2884813978000e+02  3.9162730002005e+01  5.2843741261927e+01  5.1163413087232e+01
  2.2731520870000e+04  ms.14l2.b1         3  7.3813905248769e-05  3.2008642637435e+01  2.3899184686805e+02  5.3012754042413e+01  5.1251509395038e+01
  2.2784972360000e+04  ms.13l2.b1         3 -4.1300237879469e-05  2.4161305567388e+02  2.9603192810646e+01  5.3110665675925e+01  5.1367951767870e+01
  2.2838423840000e+04  ms.12l2.b1         3  1.8313050721093e-05  3.2635787641506e+01  1.3237079199326e+02  5.3219796211647e+01  5.1518283040717e+01
  2.2893146330000e+04  ms.11l2.b1         3 -1.1117776167289e-05  1.2483999173731e+02  3.7981998300140e+01  5.3363271144348e+01  5.1676703658229e+01
  2.3765100730000e+04  ms.11r2.b1         3  2.9026171225896e-05  3.4913309969947e+01  1.6837314296405e+02  5.5791840177975e+01  5.3844724794863e+01
  2.3818553240000e+04  ms.12r2.b1         3 -1.6907344732046e-05  1.6782970818548e+02  2.9120296828762e+01  5.5907653896063e+01  5.3992345154315e+01
  2.3872001760000e+04  ms.13r2.b1         3  2.9026171225896e-05  3.1900120999544e+01  1.8423362560671e+02  5.6046942334503e+01  5.4114236013702e+01
  2.3925450270000e+04  ms.14r2.b1         3 -1.6907344732046e-05  1.8584773485001e+02  3.5251964578111e+01  5.6161858696203e+01  5.4236634209807e+01
  2.3978898790000e+04  ms.15r2.b1         3  2.9026171225896e-05  3.4102290568602e+01  1.6878146110176e+02  5.6285968026331e+01  5.4351482129998e+01
  2.4032347310000e+04  ms.16r2.b1         3 -1.6907344732046e-05  1.6274312958584e+02  3.4316009717331e+01  5.6405650536833e+01  5.4483227891365e+01
  2.4085795820000e+04  ms.17r2.b1         3  2.9026171225896e-05  3.1912315374532e+01  1.8342887290413e+02  5.6547216771495e+01  5.4594228125293e+01
  2.4139244340000e+04  ms.18r2.b1         3 -1.6907344732046e-05  1.8586922139610e+02  3.5647058625219e+01  5.6662098286353e+01  5.4716106894502e+01
  2.4192692850000e+04  ms.19r2.b1         3  2.9026171225896e-05  3.4090345942538e+01  1.6983610148794e+02  5.6786225657029e+01  5.4829747160442e+01
  2.4246141370000e+04  ms.20r2.b1         3 -1.6907344732046e-05  1.6272248401476e+02  3.3939771751616e+01  5.6905943791725e+01  5.4961909499128e+01
  2.4299589890000e+04  ms.21r2.b1         3  2.9026171225896e-05  3.1916096716140e+01  1.8214688894660e+02  5.7047510635832e+01  5.5074121610417e+01
  2.4353038400000e+04  ms.22r2.b1         3 -1.6907344732046e-05  1.8554565791685e+02  3.6059952571151e+01  5.7162377113820e+01  5.5195789021602e+01
  2.4406486920000e+04  ms.23r2.b1         3  2.9026171225896e-05  3.2644579254236e+01  1.7248943672294e+02  5.7290304313315e+01  5.5307442074097e+01
  2.4459935430000e+04  ms.24r2.b1         3 -1.6907344732046e-05  1.6401009951638e+02  3.2026028286055e+01  5.7412565744113e+01  5.5443556852357e+01
  2.4513383950000e+04  ms.25r2.b1         3  2.9026171225896e-05  3.2062708071472e+01  1.8021146066977e+02  5.7553118180882e+01  5.5560409788990e+01
  2.4566832460000e+04  ms.26r2.b1         3 -1.6907344732046e-05  1.8573065048508e+02  3.6226241998938e+01  5.7667594882739e+01  5.5682542692608e+01
  2.4620280980000e+04  ms.27r2.b1         3  2.9026171225896e-05  3.2497452978928e+01  1.7448325205234e+02  5.7795812667680e+01  5.5793120622196e+01
  2.4673729500000e+04  ms.28r2.b1         3 -1.6907344732046e-05  1.6385487795476e+02  3.1888556405025e+01  5.7918495453757e+01  5.5928580064706e+01
  2.4727178010000e+04  ms.29r2.b1         3  2.9026171225896e-05  3.2202010233478e+01  1.7818116098039e+02  5.8058719717084e+01  5.6046563313620e+01
  2.4834075040000e+04  ms.31r2.b1         3  2.9026171225896e-05  3.2358483446764e+01  1.7654366300425e+02  5.8301360127532e+01  5.6278982328557e+01
  2.4887523560000e+04  ms.32r2.b1         3 -1.6907344732046e-05  1.6374525008302e+02  3.1828040937101e+01  5.8424426649671e+01  5.6413553189894e+01
  2.4940972080000e+04  ms.33r2.b1         3  2.9026171225896e-05  3.2349608923138e+01  1.7609987334709e+02  5.8564275974629e+01  5.6532537607972e+01
  2.5047869110000e+04  ms.33l3.b1         3  2.9026171225896e-05  3.2210613263225e+01  1.7861968604670e+02  5.8806916295495e+01  5.6764993000241e+01
  2.5154766140000e+04  ms.31l3.b1         3  2.9026171225896e-05  3.2493362704252e+01  1.7404670639384e+02  5.9069813598642e+01  5.7018367602479e+01
  2.5208214660000e+04  ms.30l3.b1         3 -1.6907344732046e-05  1.8596500104870e+02  3.6314392223947e+01  5.9183279044541e+01  5.7143025485712e+01
  2.5261663170000e+04  ms.29l3.b1         3  2.9026171225896e-05  3.2067148014872e+01  1.8063944151292e+02  5.9312503793790e+01  5.7251181041077e+01
  2.5368560200000e+04  ms.27l3.b1         3  2.9026171225896e-05  3.2636724060052e+01  1.7207929563162e+02  5.9575331272731e+01  5.7504007608147e+01
  2.5422008720000e+04  ms.26l3.b1         3 -1.6907344732046e-05  1.8593456524824e+02  3.6202960900495e+01  5.9688505614805e+01  5.7629818052576e+01
  2.5475457230000e+04  ms.25l3.b1         3  2.9026171225896e-05  3.1923526194570e+01  1.8253870068518e+02  5.9818121136274e+01  5.7737499725353e+01
  2.5528905750000e+04  ms.24l3.b1         3 -1.6907344732046e-05  1.6376082551941e+02  3.2049887818351e+01  5.9942238471751e+01  5.7868529775118e+01
  2.5582354270000e+04  ms.23l3.b1         3  2.9026171225896e-05  3.2774468036295e+01  1.7026518418249e+02  6.0080835136345e+01  5.7989511848026e+01
  2.5635802780000e+04  ms.22l3.b1         3 -1.6907344732046e-05  1.8584798455716e+02  3.6027352363013e+01  6.0193753144515e+01  5.8116575019525e+01
  2.5689251300000e+04  ms.21l3.b1         3  2.9026171225896e-05  3.1713998266023e+01  1.8466906672489e+02  6.0323791526485e+01  5.8223965740365e+01
  2.5742699810000e+04  ms.20l3.b1         3 -1.6907344732046e-05  1.6267766187114e+02  3.3971628278749e+01  6.0449102654000e+01  5.8349077046516e+01
  2.5796148330000e+04  ms.19l3.b1         3  2.9026171225896e-05  3.4284580390857e+01  1.6761575216578e+02  6.0583966972910e+01  5.8467062503480e+01
  2.5849596850000e+04  ms.18l3.b1         3 -1.6907344732046e-05  1.8583074159775e+02  3.5603960946180e+01  6.0693992865303e+01  5.8596258298508e+01
  2.5903045360000e+04  ms.17l3.b1         3  2.9026171225896e-05  3.1701922843499e+01  1.8555393927996e+02  6.0824070885622e+01  5.8704098238138e+01
  2.5956493880000e+04  ms.16l3.b1         3 -1.6907344732046e-05  1.6270214282042e+02  3.4417361698048e+01  6.0949400681701e+01  5.8827802667799e+01
  2.6009942390000e+04  ms.15l3.b1         3  2.9026171225896e-05  3.4287996598574e+01  1.6704350236762e+02  6.1084241238485e+01  5.8945089714891e+01
  2.6063390910000e+04  ms.14l3.b1         3 -1.6907344732046e-05  1.8580831482405e+02  3.5134316036153e+01  6.1194268630241e+01  5.9075698909864e+01
  2.6116839430000e+04  ms.13l3.b1         3  2.9026171225896e-05  3.1825177830600e+01  1.8510659670219e+02  6.1324324064926e+01  5.9184311685889e+01
  2.6170287940000e+04  ms.12l3.b1         3 -1.6907344732046e-05  1.6381655904510e+02  3.2149222697839e+01  6.1448123640456e+01  5.9314430558984e+01
  2.6225007460000e+04  ms.11l3.b1         3  2.9026171225896e-05  3.0221783179005e+01  1.6515513888239e+02  6.1607961514035e+01  5.9435279475998e+01
  2.6658883200000e+04  end_marker       100  0.0000000000000e+00  1.2192165065363e+02  2.1299001726670e+02  6.2301743163096e+01  6.0311697249580e+01
