BEAM
EXPERT
          1.15e+11        2.199999977        2.199999977              0.075            0.00011 1 0 2 0
bb_ho1b1_0 1    0.0001500501682        1.570557017    2.527570013e-05     -9.6416525e-07
     9.5288446e-05   -6.802612183e-08     0.001058366322    9.528300127e-05   -2.479416983e-07
    0.001058427397    3.503295133e-10   -2.397037479e-09   -2.396239078e-09   -3.883377068e-09      0.09090909091
bb_ho.l1b1_1 1    0.0001500501682        1.570557017    2.589512144e-05     0.002587401162
   9.536835198e-05   -9.196435644e-06     0.001058366322    9.536601534e-05   -9.376877992e-06
    0.001058427397    3.913826367e-10   -2.363543352e-09   -2.362744951e-09   -3.883377068e-09      0.09090909091
bb_ho.r1b1_1 1    0.0001500501682        1.570557017    2.465627889e-05    -0.002589329193
   9.536600506e-05    9.060382342e-06     0.001058366322    9.535746133e-05    8.880993537e-06
    0.001058427397     3.08698621e-10   -2.430531602e-09   -2.429733202e-09   -3.883377068e-09      0.09090909091
bb_ho.l1b1_2 1    0.0001500501682        1.570557017    2.655224666e-05     0.005333319162
   9.562525583e-05   -1.888048749e-05     0.001058366322    9.562622639e-05   -1.906148867e-05
    0.001058427397    4.343030487e-10   -2.328010451e-09   -2.327212051e-09   -3.883377068e-09      0.09090909091
bb_ho.r1b1_2 1    0.0001500501682        1.570557017    2.399915367e-05    -0.005335247193
   9.562041913e-05    1.874443419e-05     0.001058366322     9.56085977e-05    1.856560422e-05
    0.001058427397     2.63902072e-10   -2.466064502e-09   -2.465266102e-09   -3.883377068e-09      0.09090909091
bb_ho.l1b1_3 1    0.0001500501682        1.570557017    2.729824537e-05     0.008450611318
   9.613169585e-05   -2.987426765e-05     0.001058366322     9.61364333e-05   -3.005590325e-05
    0.001058427397    4.822401554e-10   -2.287671872e-09   -2.286873472e-09   -3.883377068e-09      0.09090909091
bb_ho.r1b1_3 1    0.0001500501682        1.570557017    2.325315497e-05    -0.008452539349
   9.612403264e-05    2.973821435e-05     0.001058366322    9.610850261e-05     2.95600188e-05
    0.001058427397    2.122588584e-10   -2.506403082e-09   -2.505604681e-09   -3.883377068e-09      0.09090909091
bb_ho.l1b1_4 1    0.0001500501682        1.570557017    2.825161556e-05      0.01243444317
   9.711136892e-05   -4.392408057e-05     0.001058366322    9.712093956e-05   -4.410652694e-05
    0.001058427397    5.422828943e-10   -2.236120042e-09   -2.235321641e-09   -3.883377068e-09      0.09090909091
bb_ho.r1b1_4 1    0.0001500501682        1.570557017    2.229978478e-05      -0.0124363712
    9.71000935e-05    4.378802727e-05     0.001058366322    9.707984314e-05    4.361064249e-05
    0.001058427397    1.450401048e-10   -2.557954912e-09   -2.557156512e-09   -3.883377068e-09      0.09090909091
bb_ho.l1b1_5 1    0.0001500501682        1.570557017    3.012334517e-05      0.02025580797
   0.0001001198111   -7.150775283e-05     0.001058366322    0.0001001389332   -7.169179097e-05
    0.001058427397    6.561820441e-10   -2.134909527e-09   -2.134111126e-09   -3.883377068e-09      0.09090909091
bb_ho.r1b1_5 1    0.0001500501682        1.570557017    2.042805517e-05       -0.020257736
   0.0001001014439    7.137169953e-05     0.001058366322    0.0001000719888    7.119590651e-05
    0.001058427397    9.089714237e-12   -2.659165427e-09   -2.658367027e-09   -3.883377068e-09      0.09090909091
bb_ho2b1_0 1    0.0002753881533        1.569595938      -0.2817631602        -4.3271e-05
    0.003176236112    6.629240604e-08    3.175144363e-05     0.003176962418     4.11145166e-07
   3.174423656e-05   -1.327747442e-08   -1.680638092e-09   -1.679580802e-09    1.324463538e-10      0.09090909091
bb_ho.l2b1_1 1    0.0002753881533        1.569595938      -0.2817574578        0.004707171
     0.00317623733   -2.075637952e-07    3.175144363e-05     0.003176957687    1.373511257e-07
   3.174423656e-05   -1.324848267e-08   -1.681780442e-09   -1.680723152e-09    1.324463538e-10      0.09090909091
bb_ho.r2b1_1 1    0.0002753881533        1.569595938      -0.2817688626       -0.004793713
    0.003176239618    3.401485755e-07    3.175144363e-05     0.003176971871    6.849391746e-07
   3.174423656e-05   -1.330644645e-08   -1.679495743e-09   -1.678438452e-09    1.324463538e-10      0.09090909091
bb_ho.l2b1_2 1    0.0002753881533        1.569595938      -0.2817514083         0.00974677
    0.003176243787   -4.980895045e-07    3.175144363e-05     0.003176957831   -1.531086389e-07
   3.174423656e-05   -1.321770468e-08   -1.682992326e-09   -1.681935036e-09    1.324463538e-10      0.09090909091
bb_ho.r2b1_2 1    0.0002753881533        1.569595938      -0.2817749121       -0.009833313
    0.003176248501    6.306742848e-07    3.175144363e-05     0.003176987063    9.753989392e-07
   3.174423656e-05   -1.333716046e-08   -1.678283859e-09   -1.677226568e-09    1.324463538e-10      0.09090909091
bb_ho.l2b1_3 1    0.0002753881533        1.569595938      -0.2817445407        0.015467955
    0.003176257561   -8.279076251e-07    3.175144363e-05     0.003176964437   -4.828518961e-07
   3.174423656e-05    -1.31827372e-08   -1.684368113e-09   -1.683310822e-09    1.324463538e-10      0.09090909091
bb_ho.r2b1_3 1    0.0002753881533        1.569595938      -0.2817817798       -0.015554498
    0.003176265029    9.604924054e-07    3.175144363e-05     0.003177010752    1.305142196e-06
   3.174423656e-05   -1.337200153e-08   -1.676908072e-09   -1.675850782e-09    1.324463538e-10      0.09090909091
bb_ho.l2b1_4 1    0.0002753881533        1.569595938      -0.2817357639        0.022779505
    0.003176285137   -1.249408039e-06    3.175144363e-05     0.003176982851   -9.042566365e-07
   3.174423656e-05   -1.313800793e-08   -1.686126338e-09   -1.685069048e-09    1.324463538e-10      0.09090909091
bb_ho.r2b1_4 1    0.0002753881533        1.569595938      -0.2817905564       -0.022866048
    0.003176296125     1.38199282e-06    3.175144363e-05     0.003177050998    1.726546937e-06
   3.174423656e-05   -1.341648606e-08   -1.675149847e-09   -1.674092556e-09    1.324463538e-10      0.09090909091
bb_ho.l2b1_5 1    0.0002753881533        1.569595938      -0.2817185328        0.037134103
     0.00317637183   -2.076930039e-06    3.175144363e-05     0.003177051548   -1.731590802e-06
   3.174423656e-05   -1.305005618e-08   -1.689578221e-09   -1.688520931e-09    1.324463538e-10      0.09090909091
bb_ho.r2b1_5 1    0.0002753881533        1.569595938      -0.2818077875       -0.037220645
    0.003176389729    2.209514819e-06    3.175144363e-05     0.003177162557    2.553881102e-06
   3.174423656e-05   -1.350368573e-08   -1.671697964e-09   -1.670640673e-09    1.324463538e-10      0.09090909091
bb_ho5b1_0 1    0.0001500108956   -0.0006873063972     6.59577345e-06    1.800230487e-05
   9.526589684e-05    6.067021372e-08     0.001058616824     9.52559474e-05    1.458137041e-07
    0.001058727581   -2.654663693e-10    2.969449781e-09     2.96937692e-09    2.956668764e-09      0.09090909091
bb_ho.l5b1_1 1    0.0001500108956   -0.0006873063972     0.002594283111    1.622377053e-05
   9.534360145e-05   -9.069899894e-06     0.001058616824    9.533219152e-05   -8.985711681e-06
    0.001058727581   -3.164688011e-10    2.943948513e-09    2.943875652e-09    2.956668764e-09      0.09090909091
bb_ho.r5b1_1 1    0.0001500108956   -0.0006873063972    -0.002581091264      1.9780839e-05
   9.534569455e-05    9.191239263e-06     0.001058616824    9.533722208e-05     9.27733803e-06
    0.001058727581   -2.140240465e-10    2.994951047e-09    2.994878185e-09    2.956668764e-09      0.09090909091
bb_ho.l5b1_2 1    0.0001500108956   -0.0006873063972     0.005339481853    1.433697758e-05
   9.559821066e-05   -1.875624383e-05     0.001058616824    9.558526937e-05   -1.867306904e-05
    0.001058727581   -3.700948525e-10    2.916894994e-09    2.916822133e-09    2.956668764e-09      0.09090909091
bb_ho.r5b1_2 1    0.0001500108956   -0.0006873063972    -0.005326290005    2.166763196e-05
   9.560252428e-05     1.88775832e-05     0.001058616824    9.559563668e-05    1.896469539e-05
    0.001058727581   -1.589695693e-10    3.022004566e-09    3.021931704e-09    2.956668764e-09      0.09090909091
bb_ho.l5b1_3 1    0.0001500108956   -0.0006873063972     0.008455957472    1.219500361e-05
   9.610209655e-05   -2.975262609e-05     0.001058616824    9.608743925e-05   -2.967060179e-05
    0.001058727581   -4.303735642e-10    2.886182597e-09    2.886109736e-09    2.956668764e-09      0.09090909091
bb_ho.r5b1_3 1    0.0001500108956   -0.0006873063972    -0.008442765625    2.380960593e-05
   9.610893099e-05    2.987396546e-05     0.001058616824     9.61038651e-05    2.996222814e-05
    0.001058727581   -9.586915631e-11    3.052716962e-09    3.052644101e-09    2.956668764e-09      0.09090909091
bb_ho.l5b1_4 1    0.0001500108956   -0.0006873063972      0.01243874581    9.457607279e-06
   9.707858418e-05   -4.380576443e-05     0.001058616824    9.706176866e-05   -4.372521042e-05
    0.001058727581   -5.064797041e-10    2.846932819e-09    2.846859958e-09    2.956668764e-09      0.09090909091
bb_ho.r5b1_4 1    0.0001500108956   -0.0006873063972     -0.01242555396    2.654700225e-05
   9.708864018e-05     4.39271038e-05     0.001058616824    9.708593719e-05    4.401683677e-05
    0.001058727581   -1.429944739e-11     3.09196674e-09    3.091893879e-09    2.956668764e-09      0.09090909091
bb_ho.l5b1_5 1    0.0001500108956   -0.0006873063972      0.02025806189    4.083340464e-06
   0.0001000810293   -7.139596541e-05     0.001058616824    0.0001000600901     -7.1318298e-05
    0.001058727581   -6.528658495e-10     2.76987464e-09    2.769801779e-09    2.956668764e-09      0.09090909091
bb_ho.r5b1_5 1    0.0001500108956   -0.0006873063972     -0.02024487005    3.192126907e-05
   0.0001000974101    7.151730478e-05     0.001058616824    0.0001000994597    7.160992435e-05
    0.001058727581    1.488757488e-10     3.16902492e-09    3.168952059e-09    2.956668764e-09      0.09090909091
bb_ho8b1_0 1    0.0001046305669     -0.01880065981     4.54580451e-06       0.1001827515
   0.0009526955402    1.174800672e-07    0.0001058576292    0.0009526962289    1.595580496e-08
   0.0001058575385   -3.821060083e-09   -3.284482625e-10    -3.28855668e-10    4.245261745e-10      0.09090909091
bb_ho.l8b1_1 1    0.0001046305669     -0.01880065981    -0.001800012503       0.1002166824
   0.0009527013885   -7.955419847e-07    0.0001058576292    0.0009527038284   -8.970654645e-07
   0.0001058575385   -3.815359256e-09   -3.321098007e-10   -3.325172062e-10    4.245261745e-10      0.09090909091
bb_ho.r8b1_1 1    0.0001046305669     -0.01880065981     0.001809103902       0.1001488206
   0.0009527054415    1.030502013e-06    0.0001058576292    0.0009527043789    9.289769685e-07
   0.0001058575385   -3.826697748e-09   -3.247867246e-10   -3.251941301e-10    4.245261745e-10      0.09090909091
bb_ho.l8b1_2 1    0.0001046305669     -0.01880065981     -0.00371441349       0.1002526786
   0.0009527248096   -1.764139292e-06    0.0001058576292    0.0009527291074   -1.865661942e-06
   0.0001058575385   -3.809242376e-09   -3.359942152e-10   -3.364016207e-10    4.245261745e-10      0.09090909091
bb_ho.r8b1_2 1    0.0001046305669     -0.01880065981     0.003723504889       0.1001128244
   0.0009527331624    1.999099321e-06    0.0001058576292    0.0009527302419    1.897573446e-06
   0.0001058575385    -3.83260953e-09   -3.209023101e-10   -3.213097156e-10    4.245261745e-10      0.09090909091
bb_ho.l8b1_3 1    0.0001046305669     -0.01880065981    -0.005887729364       0.1002935432
   0.0009527728816   -2.863735416e-06    0.0001058576292    0.0009527792886   -2.965257123e-06
   0.0001058575385   -3.802212058e-09   -3.404039809e-10   -3.408113864e-10    4.245261745e-10      0.09090909091
bb_ho.r8b1_3 1    0.0001046305669     -0.01880065981     0.005896820764       0.1000719598
   0.0009527861157    3.098695444e-06    0.0001058576292     0.000952781086    2.997168627e-06
   0.0001058575385   -3.839234701e-09   -3.164925445e-10     -3.1689995e-10    4.245261745e-10      0.09090909091
bb_ho.l8b1_4 1    0.0001046305669     -0.01880065981    -0.008665179976       0.1003457673
   0.0009528675686   -4.268995444e-06    0.0001058576292     0.000952876671   -4.370515947e-06
   0.0001058575385   -3.793094112e-09   -3.460395658e-10   -3.464469713e-10    4.245261745e-10      0.09090909091
bb_ho.r8b1_4 1    0.0001046305669     -0.01880065981     0.008674271377       0.1000197357
   0.0009528870409    4.503955472e-06    0.0001058576292    0.0009528793156    4.402427451e-06
   0.0001058575385   -3.847568174e-09   -3.108569595e-10    -3.11264365e-10    4.245261745e-10      0.09090909091
bb_ho.l8b1_5 1    0.0001046305669     -0.01880065981     -0.01411808443       0.1004482975
   0.0009531619942   -7.027909905e-06    0.0001058576292    0.0009531763883   -7.129428044e-06
   0.0001058575385    -3.77475782e-09   -3.571037792e-10   -3.575111848e-10    4.245261745e-10      0.09090909091
bb_ho.r8b1_5 1    0.0001046305669     -0.01880065981      0.01412717583      0.09991720544
   0.0009531937138    7.262869934e-06    0.0001058576292    0.0009531806963    7.161339548e-06
   0.0001058575385    -3.86349385e-09   -2.997927461e-10   -3.002001516e-10    4.245261745e-10      0.09090909091
bb_par.l1b1_1 0       0.0148999833      0.01490217793    0.0002938727878        1.122381133 1
bb_par.r1b1_1 0      0.01489896562       0.0148984687   -0.0002433213874       -1.122383061 1
bb_par.l1b1_2 0      0.05931305019      0.05931915351    0.0005624698754         2.24476323 1
bb_par.r1b1_2 0      0.05931101482      0.05931173503   -0.0005119184751       -2.244765159 1
bb_par.l1b1_3 0       0.1333344891       0.1333462097    0.0008310669631        3.367145327 1
bb_par.r1b1_3 0        0.133331436        0.133335082   -0.0007805155627       -3.367147256 1
bb_par.l1b1_4 0       0.2369643001       0.2369833466     0.001099664051        4.489527424 1
bb_par.r1b1_4 0       0.2369602293       0.2369685096     -0.00104911265       -4.489529353 1
bb_par.l1b1_5 0        0.370202483        0.370230564     0.001368261138        5.611909521 1
bb_par.r1b1_5 0       0.3701973946       0.3702120178    -0.001317709738        -5.61191145 1
bb_par.l1b1_6 0        0.533049038       0.5330878622     0.001636858226        6.734291619 1
bb_par.r1b1_6 0       0.5330429319       0.5330656067    -0.001586306826       -6.734293547 1
bb_par.l1b1_7 0       0.6672519754       0.7871663225     0.001841661223        7.859171163 1
bb_par.r1b1_7 0       0.7871028999       0.6672753123    -0.001923924325       -7.858949777 1
bb_par.l1b1_8 0       0.6517729427        1.324370025     0.001871824103        9.030544621 1
bb_par.r1b1_8 0        1.324266438       0.6517980324    -0.002469517205        -9.02945614 1
bb_par.l1b1_9 0       0.5946232235        2.082521649     0.001853404372        10.17002489 1
bb_par.r1b1_9 0        2.082361699        0.594648391    -0.003071024421       -10.16789352 1
bb_par.l1b1_10 0       0.6643714166        2.510909383     0.001969319551        10.98337937 1
bb_par.r1b1_10 0         2.51071907       0.6644020878    -0.003372844307       -10.98093833 1
bb_par.l1b1_11 0       0.8791343472        2.482006783     0.002216660314        11.42821913 1
bb_par.r1b1_11 0        2.481820969       0.8791776972    -0.003375600682       -11.42619601 1
bb_par.l1b1_12 0        1.365829264        1.925279099     0.002651737382        11.53940366 1
bb_par.r1b1_12 0        1.925137006        1.365899613    -0.003026352609       -11.53871046 1
bb_par.l1b1_13 0        2.023429318         1.34205076       0.0031253916        11.56503986 1
bb_par.r1b1_13 0          1.3419537        2.023536391    -0.002595668049       -11.56587942 1
bb_par.l1b1_14 0        2.334162534        1.098404382     0.003317369424        11.46277518 1
bb_par.r1b1_14 0        1.098327122        2.334288537     -0.00238645527       -11.46429947 1
bb_par.l1b1_15 0        2.244910618        1.065866629     0.003250862911        11.15852338 1
bb_par.r1b1_15 0        1.065793993        2.245034114    -0.002351456955       -11.16000342 1
bb_par.l1b1_16 0        2.138756827        1.042669611     0.003172131381        10.82895337 1
bb_par.r1b1_16 0        1.042600892        2.138876791    -0.002324406042       -10.83035521 1
bb_par.l1b1_17 0        2.035175197        1.019730479        0.853037182        10.49938337 1
bb_par.r1b1_17 0        1.019665559        2.035291753      -0.8522411374       -10.50070699 1
bb_par.l1b1_18 0        1.934165697       0.9970492313        2.912506915        10.16981337 1
bb_par.r1b1_18 0       0.9969879762        1.934279002       -2.911762553       -10.17105877 1
bb_par.l1b1_19 0         1.83572834       0.9746258697        6.181581282        9.840243367 1
bb_par.r1b1_19 0       0.9745681467        1.835838537       -6.180888598       -9.841410552 1
bb_par.l1b1_20 0         1.73986314       0.9524603936         10.6602602        9.510673365 1
bb_par.r1b1_20 0       0.9524060733        1.739970359       -10.65961919       -9.511762335 1
bb_par.l1b1_21 0         1.64657011       0.9305528029        16.34854355        9.181103362 1
bb_par.r1b1_21 0       0.9305017591        1.646674467       -16.34795423       -9.182114117 1
bb_par.l1b1_22 0        1.555849249       0.9089030978        23.38624361        8.851533359 1
bb_par.r1b1_22 0       0.9088551999        1.555950862       -23.38570597       -8.852465899 1
bb_par.l1b1_23 0        1.467700579       0.8875112782        31.69168648        8.521963358 1
bb_par.r1b1_23 0        0.887466403        1.467799542       -31.69120052       -8.522817681 1
bb_par.l1b1_24 0          1.3821242       0.8663773442        40.13694174        8.192393355 1
bb_par.r1b1_24 0       0.8663354261        1.382220509       -40.13650745       -8.193169463 1
bb_par.l1b1_25 0        1.299120124       0.8455012956        48.58219699        7.862823353 1
bb_par.r1b1_25 0       0.8454622763        1.299213763        -48.5818144       -7.863521245 1
bb_par.l1b1_26 0        1.218688351       0.8248831325        57.02745226         7.53325335 1
bb_par.r1b1_26 0       0.8248469534        1.218779303       -57.02712135       -7.533873027 1
bb_par.l1b1_27 0        1.140828882        0.804522855        65.47270751        7.203683348 1
bb_par.r1b1_27 0       0.8044894576        1.140917129       -65.47242827       -7.204224809 1
bb_par.l1b1_28 0        1.065541716        0.784420463        73.91796277        6.874113346 1
bb_par.r1b1_28 0       0.7843897887        1.065627241       -73.91773522       -6.874576591 1
bb_par.l1b1_29 0        0.992826853       0.7645759565        82.36321804        6.544543343 1
bb_par.r1b1_29 0       0.7645479469       0.9929096404       -82.36304215       -6.544928373 1
bb_par.l1b1_30 0       0.9226842934       0.7449893354        90.80847329         6.21497334 1
bb_par.r1b1_30 0       0.7449639321       0.9227643256        -90.8083491       -6.215280155 1
bb_par.l1b1_31 0       0.8551140371          0.7256606        99.25372856        5.885403339 1
bb_par.r1b1_31 0       0.7256377442       0.8551912973       -99.25365605       -5.885631937 1
bb_par.l1b1_32 0        0.790116084         0.70658975        107.6989838        5.555833336 1
bb_par.r1b1_32 0       0.7065693834       0.7901905553        -107.698963       -5.555983719 1
bb_par.l1b1_33 0       0.7276904341       0.6877767855        116.1442391        5.226263334 1
bb_par.r1b1_33 0       0.6877588496       0.7277620996       -116.1442699       -5.226335501 1
bb_par.l1b1_34 0       0.6678370874       0.6692217066        124.5894943        4.896693331 1
bb_par.r1b1_34 0       0.6692061428       0.6679059303       -124.5895769       -4.896687284 1
bb_par.l1b1_35 0        0.610556044       0.6509245131        133.0347496        4.567123329 1
bb_par.r1b1_35 0        0.650911263       0.6106220474       -133.0348838       -4.567039066 1
bb_par.l1b1_36 0       0.5558473039       0.6328852052        141.4800049        4.237553327 1
bb_par.r1b1_36 0       0.6328742102       0.5559104509       -141.4801908       -4.237390848 1
bb_par.l1b1_37 0       0.5037108669       0.6151037828        149.9252601        3.907983324 1
bb_par.r1b1_37 0       0.6150949844       0.5037711407       -149.9254977        -3.90774263 1
bb_par.l1b1_38 0       0.4541467332       0.5975802459        158.3705154        3.578413322 1
bb_par.r1b1_38 0       0.5975735856       0.4542041168       -158.3708046       -3.578094412 1
bb_par.l1b1_39 0       0.4071549028       0.5803145945        166.8157706         3.24884332 1
bb_par.r1b1_39 0       0.5803100138       0.4072093793       -166.8161116       -3.248446194 1
bb_par.l1b1_40 0       0.3627353756       0.5633068286        175.2610259        2.919273317 1
bb_par.r1b1_40 0        0.563304269       0.3627869282       -175.2614185       -2.918797976 1
bb_par.l1b1_41 0       0.3208881516       0.5465569483        183.7062812        2.589703315 1
bb_par.r1b1_41 0       0.5465563512       0.3209367634       -183.7067255       -2.589149758 1
bb_par.l1b1_42 0       0.2816131631       0.5300649534        190.2310688        2.260133312 1
bb_par.r1b1_42 0       0.5300661375        0.281658885       -190.2315648        -2.25950154 1
bb_par.l1b1_43 0       0.2449103853       0.5138308441        193.5159917         1.93056331 1
bb_par.r1b1_43 0       0.5138335525        0.244953293       -193.5165394       -1.929853322 1
bb_par.l1b1_44 0       0.2107798583       0.4978546203        194.0008481        1.604137831 1
bb_par.r1b1_44 0       0.4978586353       0.2108199873       -194.0014474       -1.603216271 1
bb_par.l1b1_45 0        0.179306343       0.4819097248        194.0007696        1.448061117 1
bb_par.r1b1_45 0       0.4819149724       0.1793436702       -194.0014201       -1.432699675 1
bb_par.l2b1_1 0     0.003619872172     0.003617918153      -0.2792904609        2.059871241 1
bb_par.r2b1_1 0     0.003620863913     0.003624068922      -0.2842358596       -2.059957783 1
bb_par.l2b1_2 0     0.004951772094     0.004946936128      -0.2768177615        4.119785754 1
bb_par.r2b1_2 0     0.004953755574     0.004959237666       -0.286708559       -4.119872296 1
bb_par.l2b1_3 0     0.007171935877     0.007164016342      -0.2749668348        6.030608636 1
bb_par.r2b1_3 0     0.007174911098     0.007182468649      -0.2874178105       -5.756938843 1
bb_par.l2b1_4 0      0.01028036352       0.0102691588      -0.2774411655        6.904300519 1
bb_par.r2b1_4 0      0.01028433048      0.01029376187      -0.2854040971        -6.74107976 1
bb_par.l2b1_5 0      0.01427705503      0.01426236349      -0.2799154963        7.777992402 1
bb_par.r2b1_5 0      0.01428201373      0.01429311734      -0.2833903837       -7.725220678 1
bb_par.l2b1_6 0      0.01916201039      0.01914363042      -0.2810365023        8.976190976 1
bb_par.r2b1_6 0      0.01916796083      0.01918053504      -0.2824898181       -8.976277518 1
bb_par.l2b1_7 0      0.02709761636      0.02287236097      -0.2810178553        10.65699631 1
bb_par.r2b1_7 0      0.02289912346      0.02712028688      -0.2827197569       -10.65713897 1
bb_par.l2b1_8 0      0.04454947759      0.02147331273      -0.2830328312         12.8798512 1
bb_par.r2b1_8 0      0.02149610671      0.04458271676      -0.2850091309       -12.88021225 1
bb_par.l2b1_9 0      0.06920855118      0.01885297899      -0.2937166224        15.12855546 1
bb_par.r2b1_9 0      0.01887040867      0.06925625045      -0.2959735999       -15.12917942 1
bb_par.l2b1_10 0      0.08282284239      0.02039167405      -0.2922581282        16.52383065 1
bb_par.r2b1_10 0      0.02040734206      0.08287644625       -0.294711643       -16.52453191 1
bb_par.l2b1_11 0      0.08139643482      0.02640501155      -0.2846895029        16.99591643 1
bb_par.r2b1_11 0      0.02642158965      0.08144590448       -0.287255013       -16.99651045 1
bb_par.l2b1_12 0      0.06281187497      0.04050603111      -0.2631044887        16.59315821 1
bb_par.r2b1_12 0      0.04052724645      0.06284717197      -0.2656974635       -16.59341399 1
bb_par.l2b1_13 0      0.04352408141      0.05959142513      -0.2378139963         15.9816938 1
bb_par.r2b1_13 0      0.05961852257      0.04354569627      -0.2404127693       -15.98156002 1
bb_par.l2b1_14 0      0.03541438158      0.06840469213      -0.2185909684        15.47742784 1
bb_par.r2b1_14 0      0.06843215851      0.03542879326       -0.221176725       -15.47711797 1
bb_par.l2b1_15 0      0.03423294855      0.06549194399      -0.2085416446        14.87591669 1
bb_par.r2b1_15 0      0.06551482713      0.03424341463      -0.2110832407       -14.87561386 1
bb_par.l2b1_16 0      0.03343762266      0.06213978153       -0.594548412        14.22548182 1
bb_par.r2b1_16 0      0.06215805017      0.03344432729       0.1881598727       -14.22519456 1
bb_par.l2b1_17 0      0.03273504001      0.05891990624       -4.781203104        13.57504695 1
bb_par.r2b1_17 0      0.05893372313      0.03273806867        4.388051036       -13.57477525 1
bb_par.l2b1_18 0      0.03212519969      0.05583231812       -13.09984133        12.92461208 1
bb_par.r2b1_18 0       0.0558418468      0.03212463876        12.71992586       -12.92435595 1
bb_par.l2b1_19 0      0.03160810763      0.05287701716       -24.55645133        12.27417721 1
bb_par.r2b1_19 0      0.05288243388      0.03160403757        24.18977255       -12.27393664 1
bb_par.l2b1_20 0      0.03118378036      0.05005400337       -36.01306133        11.62374234 1
bb_par.r2b1_20 0      0.05005551377      0.03117626509        35.65961927       -11.62351734 1
bb_par.l2b1_21 0      0.03085221788      0.04736327675       -47.46967133        10.97330746 1
bb_par.r2b1_21 0      0.04736108646      0.03084132133        47.12946597       -10.97309803 1
bb_par.l2b1_22 0      0.03061342019       0.0448048373       -58.92628133        10.32287259 1
bb_par.r2b1_22 0      0.04479915196      0.03059920629        58.59931267       -10.32267873 1
bb_par.l2b1_23 0      0.03046738728      0.04237868501       -70.38289133         9.67243772 1
bb_par.r2b1_23 0      0.04236971026      0.03044991996        70.06915937       -9.672259421 1
bb_par.l2b1_24 0      0.03041411917      0.04008481989       -81.83950133        9.022002848 1
bb_par.r2b1_24 0      0.04007276135      0.03039346234        81.53900607       -9.021840115 1
bb_par.l2b1_25 0      0.03045361584      0.03792324193       -93.29611132        8.371567976 1
bb_par.r2b1_25 0      0.03790830526      0.03042983344        93.00885276        -8.37142081 1
bb_par.l2b1_26 0       0.0305858773      0.03589395115       -104.7527213        7.721133104 1
bb_par.r2b1_26 0      0.03587634196      0.03055903326        104.4786995       -7.721001504 1
bb_par.l2b1_27 0      0.03081090355      0.03399694753       -116.2093313        7.070698233 1
bb_par.r2b1_27 0      0.03397687147      0.03078106179        115.9485462       -7.070582199 1
bb_par.l2b1_28 0      0.03112869459      0.03223223107       -127.6659413         6.42026336 1
bb_par.r2b1_28 0      0.03220989377      0.03109591904        127.4183929       -6.420162894 1
bb_par.l2b1_29 0      0.03153925042      0.03059980178       -139.1225513        5.769828489 1
bb_par.r2b1_29 0      0.03057540889        0.031503605        138.8882396       -5.769743588 1
bb_par.l2b1_30 0      0.03204257103      0.02909965966       -150.5791613        5.119393616 1
bb_par.r2b1_30 0       0.0290734168      0.03200411968        150.3580863       -5.119324284 1
bb_par.l2b1_31 0      0.03263865644      0.02773180471       -162.0357713        4.468958745 1
bb_par.r2b1_31 0      0.02770391751      0.03259746307         161.827933       -4.468904978 1
bb_par.l2b1_32 0      0.03332750663      0.02649623692       -173.4923813        3.818523873 1
bb_par.r2b1_32 0      0.02646691103      0.03328363518        173.2977797       -3.818485673 1
bb_par.l2b1_33 0      0.03410911824       0.0253929563       -184.3377096        3.168089001 1
bb_par.r2b1_33 0      0.02536239483        0.034062636        184.1563446       -3.168066367 1
bb_par.l2b1_34 0      0.03498347326      0.02442196285       -191.3823923        2.517654129 1
bb_par.r2b1_34 0      0.02439035624      0.03493446554        191.2142641       -2.517647062 1
bb_par.l2b1_35 0      0.03595056747      0.02358325657       -194.0764105        1.867219256 1
bb_par.r2b1_35 0       0.0235507943      0.03589912379        193.9215191       -1.867227756 1
bb_par.l2b1_36 0      0.03701040932      0.02287683745       -194.0715695        1.348153413 1
bb_par.r2b1_36 0      0.02284371636      0.03695661076        193.9285201       -1.329406787 1
bb_par.l2b1_37 0      0.03715914439      0.02290713455        -194.072441        1.112434435 1
bb_par.r2b1_37 0      0.02277919555       0.0372574461        193.9316905       -1.018533088 1
bb_par.l2b1_38 0       0.0335914246      0.02554748297       -194.0681469        1.256794012 1
bb_par.r2b1_38 0      0.02491721899       0.0343948165        193.9389372       -1.051895647 1
bb_par.l2b1_39 0      0.02765823563      0.03071306736       -194.0599859        1.695225916 1
bb_par.r2b1_39 0      0.02912086792      0.02942052102        193.9490941       -1.350570659 1
bb_par.l2b1_40 0      0.02228906914      0.03657497594        -194.051651        2.147405686 1
bb_par.r2b1_40 0       0.0338532954      0.02482841557        193.9593793       -1.661596471 1
bb_par.l2b1_41 0      0.01761244298      0.04303273188        -194.043316        2.599585456 1
bb_par.r2b1_41 0      0.03903175145      0.02073016454        193.9696644       -1.972622281 1
bb_par.l2b1_42 0      0.01362835715      0.05008633516       -194.0349811        3.051765227 1
bb_par.r2b1_42 0      0.04465623609      0.01712576792        193.9799496       -2.283648093 1
bb_par.l2b1_43 0      0.01033681166      0.05773578579       -194.0266462        3.503944998 1
bb_par.r2b1_43 0       0.0507267493      0.01401522571        193.9902347       -2.594673903 1
bb_par.l2b1_44 0       0.0077378065      0.06598108376       -194.0183112        3.956124769 1
bb_par.r2b1_44 0      0.05724329108      0.01139853791        193.9991361       -3.025780381 1
bb_par.l2b1_45 0     0.006039247608      0.07244170344       -194.0103455        4.274208434 1
bb_par.r2b1_45 0      0.06228371291     0.009581088908        193.9991732       -3.578043982 1
bb_par.l5b1_1 0      0.01490250207      0.01490340448        1.122094699    -0.000753216148 1
bb_par.r5b1_1 0      0.01490340969      0.01490558586       -1.122081507    0.0007892207575 1
bb_par.l5b1_2 0      0.05932511821      0.05933003147        2.244182802    -0.001524434601 1
bb_par.r5b1_2 0      0.05932693346      0.05933439422        -2.24416961      0.00156043921 1
bb_par.l5b1_3 0       0.1333631143       0.1333751369        3.366270906    -0.002295653054 1
bb_par.r5b1_3 0       0.1333658372        0.133381681       -3.366257714     0.002331657663 1
bb_par.l5b1_4 0       0.2370164904       0.2370387208        4.488359008    -0.003066871506 1
bb_par.r5b1_4 0       0.2370201209       0.2370474463       -4.488345816     0.003102876116 1
bb_par.l5b1_5 0       0.3702852465       0.3703207831        5.610447112    -0.003838089959 1
bb_par.r5b1_5 0       0.3702897846         0.37033169        -5.61043392     0.003874094568 1
bb_par.l5b1_6 0       0.5331693825       0.5332213239        6.732535215    -0.004609308412 1
bb_par.r5b1_6 0       0.5331748283       0.5332344122       -6.732522023     0.004645313022 1
bb_par.l5b1_7 0         0.66740369       0.7873670627        7.856928542    -0.005399456682 1
bb_par.r5b1_7 0       0.7872964861       0.6674834041       -7.857079303     0.005402174547 1
bb_par.l5b1_8 0       0.6519220827        1.324711673        9.027250662    -0.006271533127 1
bb_par.r5b1_8 0        1.324590883       0.6519984554       -9.028037964      0.00614519741 1
bb_par.l5b1_9 0       0.5947602227        2.083062557        10.16552618    -0.007163526247 1
bb_par.r5b1_9 0        2.082870692       0.5948284159       -10.16707907     0.006881973054 1
bb_par.l5b1_10 0       0.6645255323        2.511564742        10.97839201    -0.007776341779 1
bb_par.r5b1_10 0        2.511331743        0.664600062       -10.98017266     0.007447378476 1
bb_par.l5b1_11 0       0.8793394139        2.482657491        11.42345656     -0.00810598037 1
bb_par.r5b1_11 0        2.482425659       0.8794362336       -11.42493131     0.007836441471 1
bb_par.l5b1_12 0        1.366149084        1.925786407        11.53573655    -0.008144642804 1
bb_par.r5b1_12 0        1.925605237        1.366297547       -11.53623645     0.008068543884 1
bb_par.l5b1_13 0        2.023904285        1.342406878        11.56266527    -0.008109580536 1
bb_par.r5b1_13 0        1.342279286        2.024122365       -11.56204153     0.008256700522 1
bb_par.l5b1_14 0        2.334711457        1.098698575        11.46099675    -0.008043674643 1
bb_par.r5b1_14 0        1.098592718        2.334961403       -11.45987171     0.008288490417 1
bb_par.l5b1_15 0        2.245439495        1.066155027        11.15675955    -0.007905542154 1
bb_par.r5b1_15 0        1.066050776        2.245678375        -11.1556682     0.008140005552 1
bb_par.l5b1_16 0        2.139261636        1.042954652        10.82717723    -0.007763561443 1
bb_par.r5b1_16 0         1.04285114        2.139487713        -10.8261445     0.007982633862 1
bb_par.l5b1_17 0        2.035656497        1.020012166        11.34753844    -0.007621580731 1
bb_par.r5b1_17 0        1.019909354        2.035870216       -11.34656434     0.007825262173 1
bb_par.l5b1_18 0        1.934624048       0.9973275695        13.07750398     -0.00747960002 1
bb_par.r5b1_18 0       0.9972253996        1.934825884        -13.0765885     0.007667890483 1
bb_par.l5b1_19 0        1.836164301       0.9749008622        16.01707381     -0.00733761931 1
bb_par.r5b1_19 0       0.9747992805        1.836354716       -16.01621696     0.007510518794 1
bb_par.l5b1_20 0         1.74027727       0.9527320441        20.16624786    -0.007195638598 1
bb_par.r5b1_20 0       0.9526309992        1.740456713       -20.16544963     0.007353147104 1
bb_par.l5b1_21 0        1.646962968       0.9308211153        25.52502603    -0.007053657887 1
bb_par.r5b1_21 0       0.9307205589        1.647131875       -25.52428643     0.007195775414 1
bb_par.l5b1_22 0        1.556221395       0.9091680758        32.23322055    -0.006911677176 1
bb_par.r5b1_22 0       0.9090679553        1.556380201       -32.23253959     0.007038403724 1
bb_par.l5b1_23 0        1.468052571       0.8877729254        40.20915759    -0.006769696465 1
bb_par.r5b1_23 0       0.8876731959        1.468201692       -40.20853525     0.006881032035 1
bb_par.l5b1_24 0        1.382456599       0.8666356644        48.32490698    -0.006627715754 1
bb_par.r5b1_24 0       0.8665363382        1.382596348       -48.32434325     0.006723660345 1
bb_par.l5b1_25 0        1.299433488       0.8457562925        56.44065636    -0.006485735042 1
bb_par.r5b1_25 0       0.8456573894        1.299564169       -56.44015127     0.006566288655 1
bb_par.l5b1_26 0         1.21898324       0.8251348099        64.55640575    -0.006343754331 1
bb_par.r5b1_26 0       0.8250363493        1.219105154        -64.5559593     0.006408916966 1
bb_par.l5b1_27 0        1.141105855       0.8047712166        72.67215513     -0.00620177362 1
bb_par.r5b1_27 0        0.804673218        1.141219304        -72.6717673     0.006251545277 1
bb_par.l5b1_28 0        1.065801332       0.7846655125        80.78790453    -0.006059792909 1
bb_par.r5b1_28 0       0.7845679955        1.065906619       -80.78757532     0.006094173587 1
bb_par.l5b1_29 0       0.9930696716       0.7648176976        88.90365392    -0.005917812198 1
bb_par.r5b1_29 0       0.7647206817       0.9931670982       -88.90338332     0.005936801897 1
bb_par.l5b1_30 0       0.9229108737        0.745227772         97.0194033    -0.005775831487 1
bb_par.r5b1_30 0       0.7451312768       0.9230007423       -97.01919135     0.005779430207 1
bb_par.l5b1_31 0       0.8553249383       0.7258957356        105.1351527    -0.005633850775 1
bb_par.r5b1_31 0       0.7257997806       0.8554075511       -105.1349994     0.005622058518 1
bb_par.l5b1_32 0       0.7903118654       0.7068215885        113.2509021    -0.005491870064 1
bb_par.r5b1_32 0       0.7067261933       0.7903875247       -113.2508074     0.005464686828 1
bb_par.l5b1_33 0        0.727871655       0.6880053306        121.3666515    -0.005349889354 1
bb_par.r5b1_33 0       0.6879105147       0.7279406629       -121.3666154     0.005307315138 1
bb_par.l5b1_34 0       0.6680043071       0.6694469619        129.4824009    -0.005207908642 1
bb_par.r5b1_34 0       0.6693527449       0.6680669659       -129.4824234     0.005149943449 1
bb_par.l5b1_35 0       0.6107098217       0.6511464825        137.5981502    -0.005065927931 1
bb_par.r5b1_35 0       0.6510528839       0.6107664335       -137.5982314      0.00499257176 1
bb_par.l5b1_36 0       0.5559881988       0.6331038924        145.7138996     -0.00492394722 1
bb_par.r5b1_36 0       0.6330109317       0.5560390659       -145.7140394      0.00483520007 1
bb_par.l5b1_37 0       0.5038394385       0.6153191915         153.829649    -0.004781966509 1
bb_par.r5b1_37 0       0.6152268882        0.503884863       -153.8298474      0.00467782838 1
bb_par.l5b1_38 0       0.4542635406       0.5977923798        161.9453984    -0.004639985798 1
bb_par.r5b1_38 0       0.5977007536       0.4543038248       -161.9456555      0.00452045669 1
bb_par.l5b1_39 0       0.4072605052       0.5805234573        170.0611478    -0.004498005086 1
bb_par.r5b1_39 0       0.5804325277       0.4072959513       -170.0614635     0.004363085001 1
bb_par.l5b1_40 0       0.3628303323       0.5635124242        178.1768972    -0.004356024375 1
bb_par.r5b1_40 0       0.5634222106       0.3628612425       -178.1772715     0.004205713311 1
bb_par.l5b1_41 0       0.3209730219       0.5467592802        186.2926466    -0.004214043664 1
bb_par.r5b1_41 0       0.5466698023       0.3209996984       -186.2930795     0.004048341621 1
bb_par.l5b1_42 0       0.2816885064       0.5302640255        192.4879281    -0.004072062953 1
bb_par.r5b1_42 0       0.5301751799        0.281711319       -192.4884197     0.003890969931 1
bb_par.l5b1_43 0       0.2449767606       0.5140266601        195.4433444    -0.003930082242 1
bb_par.r5b1_43 0       0.5139382679       0.2449961044       -195.4438946     0.003733598243 1
bb_par.l5b1_44 0       0.2108378249       0.4980471839        195.6016778    -0.003788101531 1
bb_par.r5b1_44 0       0.4979591054       0.2108540544       -195.6024045     0.003576226553 1
bb_par.l5b1_45 0       0.1793564839       0.4820989508        195.4303845    -0.003645882775 1
bb_par.r5b1_45 0       0.4820112337       0.1793698838       -195.4450382     0.003418702353 1
bb_par.l8b1_1 0     0.002432529088     0.002433287913      -0.7824985715         0.11489606 1
bb_par.r8b1_1 0     0.002434286599     0.002433526613       0.7825076628        0.085469443 1
bb_par.l8b1_2 0     0.006873787242     0.006875301668       -2.432769143       0.1179755068 1
bb_par.r8b1_2 0     0.006877302266     0.006875779067        2.432778234      0.08238999613 1
bb_par.l8b1_3 0         0.01427647      0.01427873749       -4.670610154       0.1131775977 1
bb_par.r8b1_3 0      0.01428174254      0.01427945359        4.670619246       0.0871879053 1
bb_par.l8b1_4 0      0.02464057737      0.02464359538       -6.908451166       0.1083796885 1
bb_par.r8b1_4 0      0.02464760742      0.02464455018        6.908460258      0.09198581447 1
bb_par.l8b1_5 0      0.03796610935      0.03796987535       -9.146292178       0.1035817793 1
bb_par.r8b1_5 0      0.03797489691      0.03797106884        9.146301268      0.09678372365 1
bb_par.l8b1_6 0      0.05425306593      0.05425757738       -11.21932933       0.1009933391 1
bb_par.r8b1_6 0        0.054263611      0.05425900958        11.21933842      0.09937216384 1
bb_par.l8b1_7 0      0.07980967779      0.06754495552       -13.09327625       0.1011823189 1
bb_par.r8b1_7 0      0.06755140808      0.07981722401        13.09327341      0.09928733796 1
bb_par.l8b1_8 0       0.1342338784      0.06554726884       -15.04399416       0.1021506681 1
bb_par.r8b1_8 0      0.06555258755       0.1342452816        15.04394504       0.0999623346 1
bb_par.l8b1_9 0       0.2111998663      0.05935794674        -16.8657414       0.1062207001 1
bb_par.r8b1_9 0       0.0593618203       0.2112165899        16.86563656       0.1037344912 1
bb_par.l8b1_10 0           0.254941      0.06582793466       -18.14098629       0.1058685341 1
bb_par.r8b1_10 0      0.06583116765       0.2549601311        18.14086405       0.1031703013 1
bb_par.l8b1_11 0       0.2524621457      0.08657039415       -18.73074371       0.1032425537 1
bb_par.r8b1_11 0      0.08657348883       0.2524801282        18.73064205        0.100419393 1
bb_par.l8b1_12 0       0.1964299132       0.1338636183       -18.73607977       0.0955172335 1
bb_par.r8b1_12 0       0.1338671436       0.1964430516        18.73604629      0.09265560264 1
bb_par.l8b1_13 0       0.1375758194       0.1976912532       -18.59604894      0.08644641257 1
bb_par.r8b1_13 0       0.1976952585       0.1375841887        18.59609421      0.08356870268 1
bb_par.l8b1_14 0       0.1133889434       0.2274295674         -18.281871      0.07957030194 1
bb_par.r8b1_14 0       0.2274331274       0.1133949249        18.28195035      0.07670224485 1
bb_par.l8b1_15 0       0.1109456783       0.2180852253       -17.61995976      0.07598020824 1
bb_par.r8b1_15 0       0.2180876655       0.1109505468        17.62003476      0.07316002842 1
bb_par.l8b1_16 0       0.1094780676       0.2071351149       -17.27977528      0.07362092128 1
bb_par.r8b1_16 0       0.2071364468       0.1094818916        17.27984416      0.07085056859 1
bb_par.l8b1_17 0       0.1080457622       0.1964803087       -20.74023361      0.07126163432 1
bb_par.r8b1_17 0       0.1964804628       0.1080486211        20.74029635      0.06854110877 1
bb_par.l8b1_18 0       0.1066487579       0.1861208068       -28.33267013      0.06890234737 1
bb_par.r8b1_18 0       0.1861197162       0.1066507352        28.33272673      0.06623164894 1
bb_par.l8b1_19 0       0.1052870736       0.1760566092       -39.06307451      0.06654306041 1
bb_par.r8b1_19 0       0.1760542492       0.1052882341        39.06312496      0.06392218912 1
bb_par.l8b1_20 0       0.1039607639       0.1662877159       -49.79347888      0.06418377345 1
bb_par.r8b1_20 0         0.16628416       0.1039611176        49.79352322       0.0616127293 1
bb_par.l8b1_21 0        0.102669829       0.1568141269       -60.52388325      0.06182448648 1
bb_par.r8b1_21 0       0.1568094484       0.1026693859        60.52392146      0.05930326947 1
bb_par.l8b1_22 0       0.1014142689       0.1476358422       -71.25428762      0.05946519952 1
bb_par.r8b1_22 0       0.1476301145       0.1014130388        71.25431969      0.05699380965 1
bb_par.l8b1_23 0       0.1001940834       0.1387528618       -81.98469199      0.05710591256 1
bb_par.r8b1_23 0       0.1387461583       0.1001920764        81.98471793      0.05468434982 1
bb_par.l8b1_24 0       0.0990092726       0.1301651857       -92.71509636      0.05474662561 1
bb_par.r8b1_24 0       0.1301575798      0.09900649869        92.71511616         0.05237489 1
bb_par.l8b1_25 0      0.09785983653       0.1218728139       -103.4455007      0.05238733865 1
bb_par.r8b1_25 0        0.121864379      0.09785630566        103.4455144      0.05006543018 1
bb_par.l8b1_26 0      0.09674577517       0.1138757463       -114.1759051      0.05002805169 1
bb_par.r8b1_26 0       0.1138665559      0.09674149732        114.1759126      0.04775597035 1
bb_par.l8b1_27 0      0.09566708852       0.1061739831       -124.9063095      0.04766876473 1
bb_par.r8b1_27 0       0.1061641104      0.09566207366        124.9063109      0.04544651053 1
bb_par.l8b1_28 0      0.09462377658      0.09876752414       -135.6367139      0.04530947777 1
bb_par.r8b1_28 0      0.09875704266      0.09461803468        135.6367091       0.0431370507 1
bb_par.l8b1_29 0      0.09361583935      0.09165636948       -146.3671182      0.04295019081 1
bb_par.r8b1_29 0      0.09164535259      0.09360938039        146.3671074      0.04082759088 1
bb_par.l8b1_30 0      0.09264327683      0.08484051911       -157.0975226      0.04059090385 1
bb_par.r8b1_30 0       0.0848290402      0.09263611079        157.0975056      0.03851813106 1
bb_par.l8b1_31 0      0.09170608901      0.07831997303        -167.827927      0.03823161689 1
bb_par.r8b1_31 0      0.07830810549      0.09169822587        167.8279038      0.03620867123 1
bb_par.l8b1_32 0      0.09080427591      0.07209473124       -178.5583313      0.03587232993 1
bb_par.r8b1_32 0      0.07208254848      0.09079572564        178.5583021      0.03389921141 1
bb_par.l8b1_33 0      0.08993782858      0.06616479375       -188.6774537      0.03351304297 1
bb_par.r8b1_33 0      0.06615236253      0.08992861009        188.6774183      0.03158975158 1
bb_par.l8b1_34 0       0.0891067009      0.06053016054       -194.9959292      0.03115375601 1
bb_par.r8b1_34 0      0.06051751596      0.08909687922        194.9958877      0.02928029176 1
bb_par.l8b1_35 0      0.08831088595      0.05519083163        -196.963739      0.02879446905 1
bb_par.r8b1_35 0      0.05517801047      0.08830053304        196.9636914      0.02697083193 1
bb_par.l8b1_36 0      0.08755040834      0.05014680701       -196.3891798      0.02668917677 1
bb_par.r8b1_36 0      0.05013386733      0.08753957154        196.3885493      0.02490712854 1
bb_par.l8b1_37 0      0.08513382018      0.04631274663       -196.1418189      0.02626915406 1
bb_par.r8b1_37 0      0.04628691348      0.08514573601        196.1402289      0.02452010866 1
bb_par.l8b1_38 0      0.07647807821      0.04618484569        -195.915096      0.02449041111 1
bb_par.r8b1_38 0      0.04609579677      0.07659473693        195.9127579      0.02279998358 1
bb_par.l8b1_39 0      0.06393509532      0.04897443839       -195.7020575      0.02170466092 1
bb_par.r8b1_39 0      0.04877582777      0.06419462332        195.6991573      0.02009081461 1
bb_par.l8b1_40 0      0.05237767694      0.05204491433       -195.4896225      0.01887371125 1
bb_par.r8b1_40 0      0.05172836011      0.05275317793        195.4861686      0.01733721333 1
bb_par.l8b1_41 0      0.04202026949      0.05526462961       -195.2771875      0.01604276158 1
bb_par.r8b1_41 0      0.05482382406      0.04248227087        195.2731799      0.01458361204 1
bb_par.l8b1_42 0      0.03286287296      0.05863358424       -195.0647525       0.0132118119 1
bb_par.r8b1_42 0      0.05806221962      0.03338190214        195.0601911      0.01183001076 1
bb_par.l8b1_43 0      0.02490548736      0.06215177821       -194.8523175      0.01038086222 1
bb_par.r8b1_43 0       0.0614435468      0.02545207174        194.8472024     0.009076409475 1
bb_par.l8b1_44 0      0.01814811268      0.06581921152       -194.6398825     0.007549912551 1
bb_par.r8b1_44 0      0.06496780559      0.01869277966        194.6342137     0.006322808195 1
bb_par.l8b1_45 0      0.01287578338      0.06823436693       -194.4244919     0.004817439873 1
bb_par.r8b1_45 0      0.06716123028      0.01341972167        194.4191234      0.00365744986 1
NEXT
